Species		-	Copia	Gypsy	Harbinger	Helitron	L1	MSAT	MuDR	RTE	SAT	SINE2/tRNA	hAT	unclassified
4_Transposome/Sorghum_halepense-JG_CO_102_F	0.00145464893760796	0.084362696079251	0.466117679436962	0.0163068922554446	0.00263141806507988	0.00396229411725514	5.4670765940363e-05	0.00631981915140714	6.15705973835633e-05	0.00114052533041866	0.000129285706470133	0.00481861075672087	0.0327392993514901	
4_Transposome/Sorghum_halepense-JG_CO_104_A	0.00132916738557309	0.0873572993374984	0.42630263801335	0.0115164213678794	0.00230453831326871	0.00370679753503674	5.08820032969136e-05	0.00482254572476408	7.10508723201239e-05	0.000104265914630919	0.000132061581279621	0.00385146077149857	0.0347092272468057	
4_Transposome/Sorghum_halepense-JG_CO_104_B	0.00126500708493116	0.0884677477815808	0.429676286744746	0.0106294659312302	0.00218214839924217	0.00355375653595255	5.23899613593288e-05	0.00518702332509329	7.54707684230091e-05	0.000504190727414073	0.000125418685793986	0.00364175514359905	0.0353242851792583	
4_Transposome/Sorghum_halepense-JG_CO_104_C	0.00153579138678938	0.0877481569288924	0.431135286071201	0.0106583586815686	0.00231331179622992	0.00360086788230572	4.75551551216299e-05	0.00528447277404366	8.58956861568895e-05	0.00133964457908985	0.000124682597281568	0.00376962441001547	0.0353140621645708	
4_Transposome/Sorghum_halepense-JG_CO_104_D	0.000966765439546083	0.0893509567081732	0.432354712254874	0.0107256308551764	0.00213345801768726	0.0036351314838915	5.11607106116835e-05	0.00492257157333566	8.10953990664661e-05	0.000724037919765893	0.000120564849896757	0.00366962809633147	0.0361858259545331	
4_Transposome/Sorghum_halepense-JG_CO_104_E	0.00099485222305521	0.0841275366166594	0.419327293558389	0.0117416630587381	0.00234621809371562	0.00363783141792121	5.10782530731499e-05	0.00507102067334404	7.58703442647526e-05	0.00134176930773933	0.000130234951491864	0.00398041400678028	0.0338996287227202	
4_Transposome/Sorghum_halepense-JG_CO_106_A	0.000889414643313301	0.0891207352046096	0.439724233569006	0.0117285464016277	0.00215280669100053	0.00364944596406066	5.01363001244917e-05	0.00524369980022104	8.33198173073024e-05	0.000924532636698756	0.000138580529739439	0.00380271513023115	0.0343411899721149	
4_Transposome/Sorghum_halepense-JG_CO_106_B	0.00111065547548088	0.0856622414614152	0.442823630601834	0.0118997185422894	0.00225665199930894	0.00376142010375078	5.69698351677406e-05	0.00531749682544349	8.05884955274431e-05	0.000909509582304328	0.000118843464713346	0.00400156927880035	0.0339270290540339	
4_Transposome/Sorghum_halepense-JG_CO_106_D	0.00106727722627798	0.0841212811746109	0.430113525516734	0.0114767254317092	0.0022706472193759	0.00355362513869985	5.10942290922093e-05	0.00496976915573287	7.48958271224234e-05	0.000751521861640583	0.000106858538295412	0.00386979512497199	0.0338528983331639	
4_Transposome/Sorghum_halepense-JG_CO_106_F	0.00105385828325627	0.0876323372547363	0.434945763190116	0.0109282582149541	0.00226943798433881	0.00372174217570215	5.6263087377152e-05	0.00510225478494937	7.63048912380028e-05	0.000825464086608778	0.000124831487922782	0.00379851541895481	0.0346702691400777	
4_Transposome/Sorghum_halepense-JG_CO_107_A	0.00181622573468731	0.087748505593684	0.474173696523775	0.0178309234836638	0.00267224091806983	0.0040409122819319	4.58667958035393e-05	0.00630251660238507	6.85360123887545e-05	0.00225139701297503	0.00012384000640044	0.00517222240030696	0.033428516636792	
4_Transposome/Sorghum_halepense-JG_CO_107_B	0.0014583541004022	0.082082529345944	0.427851580217748	0.0119310290683765	0.0022764358939333	0.00358430642861234	4.17183161521025e-05	0.00483891735583167	7.70533185502168e-05	0.00098035614452257	0.000112528358765698	0.00392287235743984	0.033263729049209	
4_Transposome/Sorghum_halepense-JG_CO_107_C	0.000799353135007983	0.0854061906552849	0.430011132438146	0.0116646649042561	0.00219709239246425	0.00359329265782158	5.56356019750235e-05	0.00514284440738121	7.26332257894164e-05	0.00119728015334315	0.000124412923246307	0.00387569548242835	0.0348303720235916	
4_Transposome/Sorghum_halepense-JG_CO_107_D	0.00105717737111066	0.0795343224066666	0.421969098948101	0.0128413038083195	0.00227261227113563	0.00351671193661831	4.92494908855483e-05	0.00500593600296288	7.91735518498723e-05	0.00115847843202499	0.000124149872724191	0.00420778013146887	0.0319727754884979	
4_Transposome/Sorghum_halepense-JG_CO_107_E	0.00110689620428656	0.0792551841488794	0.413325640644865	0.0127840311361936	0.00228577652208047	0.00353048100074369	4.012177173116e-05	0.00498672486970228	7.57006432733449e-05	0.00208769958799968	0.000115644456026829	0.00398421753802497	0.0337042829128779	
4_Transposome/Sorghum_halepense-JG_CO_108_B	0.000863272596253403	0.084696665225976	0.433514072982795	0.0114062856488907	0.00226475792947742	0.00352563562409452	4.78906543299725e-05	0.00488174725721315	6.16772233563699e-05	0.000811408007785281	0.000126303052275176	0.00383947668715506	0.0346166143038549	
4_Transposome/Sorghum_halepense-JG_CO_108_C	0.00114380242335203	0.0895318627559227	0.453535009482066	0.0118028731653034	0.00222611433047358	0.00361816539199322	4.3248301925826e-05	0.00539793304326797	8.18886602413099e-05	0.000813499500403252	0.000113981470491385	0.00388025863138451	0.0347251652209006	
4_Transposome/Sorghum_halepense-JG_CO_108_D	0.00102312024739805	0.0911156795474206	0.447894352884654	0.0114573617843354	0.00229323090311165	0.00374446151853989	5.49156143727535e-05	0.00529052759076332	8.27245054771556e-05	0.000882518703870082	0.000132000126261965	0.00387506841147194	0.0363757728594765	
4_Transposome/Sorghum_halepense-JG_CO_108_E	0.000771961563390754	0.092091134369771	0.442319716919202	0.0105820447943948	0.00222046205943851	0.00340047935454801	5.63195986621723e-05	0.00511423356772859	9.37826017393418e-05	0.000837546085640614	0.000137880559243233	0.00378272816959836	0.0351761584270136	
4_Transposome/Sorghum_halepense-JG_CO_108_F	0.000888762217551328	0.0904868020767086	0.43284269747231	0.0103967380871902	0.00223680204119492	0.00363860636995799	4.88982012061914e-05	0.00502715673725498	7.23632652884773e-05	0.000615078862760339	0.000110194314883979	0.00383345314490293	0.035651947205649	
4_Transposome/Sorghum_halepense-JG_CO_109_A	0.00140609212153334	0.0903019581925634	0.443175318574061	0.0108713939770722	0.00214731560298744	0.00353263096619249	5.03591417185069e-05	0.00540499905058428	7.72336686718994e-05	0.000812547110273509	0.000116374344099335	0.00372852121461457	0.034961766450034	
4_Transposome/Sorghum_halepense-JG_CO_109_B	0.00162985513658284	0.091748640923851	0.454838840545906	0.0103808104813225	0.00215694572719695	0.00377466350983879	5.71491921991863e-05	0.00509020448442473	8.4343800434341e-05	0.00029602966463279	0.000116373386081353	0.00369594449725058	0.0382497433813781	
4_Transposome/Sorghum_halepense-JG_CO_109_C	0.00134261311725358	0.0886266183594093	0.446411702398219	0.0106493380289075	0.00207719477288086	0.00363107620789359	6.66680760971244e-05	0.00485589515942465	9.49782326593111e-05	0.000538816516659036	0.000118694846910777	0.00367066234455781	0.0386411458394533	
4_Transposome/Sorghum_halepense-JG_CO_109_D	0.00143610931014286	0.0914920497264018	0.447908621247826	0.0106781557409588	0.00211114427386743	0.00361513576305054	4.60265242892267e-05	0.00543636078412669	6.98490069657367e-05	0.000546250897837425	0.00011465383279282	0.00397383796731767	0.0362538553181956	
4_Transposome/Sorghum_halepense-JG_CO_109_E	0.00214913516282134	0.0844335444640086	0.463202220105015	0.015036385890859	0.00250232717932952	0.0040573858316787	4.66364465979836e-05	0.00537116531654639	8.44844939987237e-05	0.00137413490207766	0.000139215580194832	0.00444930096896994	0.0318215189440486	
4_Transposome/Sorghum_halepense-JG_CO_110_A	0.00158111012719696	0.0887478061638656	0.465174737943823	0.0173856827185067	0.00252344087324248	0.00399618264217058	4.66049697035304e-05	0.00609733132927963	5.90215908538609e-05	0.0016182572189219	0.000148451826441888	0.0050500419887053	0.0358076306030857	
4_Transposome/Sorghum_halepense-JG_CO_110_B	0.00135868392871624	0.0913068120223242	0.464648479009164	0.0154400319674887	0.00238184505119269	0.00397675663447501	4.94699958075329e-05	0.00568116563204365	7.40123495764281e-05	0.00140742761624436	0.000123882458375315	0.00475601253039911	0.0343462208054755	
4_Transposome/Sorghum_halepense-JG_CO_110_C	0.000945434032238964	0.0883485906794868	0.460543117059401	0.0159137891959368	0.0023940174296695	0.00386113373778754	5.57924386751078e-05	0.00579204419244146	8.77328109112036e-05	0.00138384919664142	0.000161459343254729	0.00471279105861845	0.034420574770589	
4_Transposome/Sorghum_halepense-JG_CO_110_D	0.00150836109749354	0.0873704957375868	0.45075712014705	0.0157997857207793	0.00254124977577662	0.00390839896668873	5.75764452151864e-05	0.00593278773708093	7.20301535571671e-05	0.00176966320712621	0.000142840443103111	0.00469649660620154	0.0341643769740695	
4_Transposome/Sorghum_halepense-JG_CO_110_E	0.00123156938633405	0.0878964553359102	0.458743333419294	0.0153556371359897	0.00255953492407545	0.00401743803307811	5.56993766517433e-05	0.00600046949520781	8.33826915346447e-05	0.00137884221036062	0.000137227862664038	0.00471820848326505	0.0353907217972044	
4_Transposome/Sorghum_halepense-JG_CO_111_A	0.000885867723972248	0.0854592012090406	0.430255843999932	0.0117300038235475	0.00210483706679151	0.00353902256647921	5.08362879001749e-05	0.00506686654551373	8.30884858707471e-05	0.000816578549246319	0.000113364524089371	0.00394561519496026	0.0352764482591634	
4_Transposome/Sorghum_halepense-JG_CO_111_B	0.00111420114039881	0.0860027436603594	0.441144587910093	0.0113598472941718	0.00222976945772561	0.00345447285145695	6.13516538151296e-05	0.00496046677111159	8.71622434809105e-05	0.000680388766622492	0.000120234427487215	0.00378898635238222	0.0366090669987664	
4_Transposome/Sorghum_halepense-JG_CO_111_D	0.000924284012586447	0.0887462020903719	0.438337016195432	0.010813996675862	0.00215668883135188	0.0035632494473156	5.38664999959436e-05	0.00506576844713816	8.65489439003456e-05	0.00084499130311301	0.000118273855621905	0.00366753607483895	0.0345484776233119	
4_Transposome/Sorghum_halepense-JG_CO_111_E	0.000782041598915037	0.0882336416584126	0.431686004831815	0.0110931838440945	0.00227034410300326	0.00339970194485731	4.91188788189849e-05	0.00519736380572565	9.11936258951357e-05	0.000485554105565986	0.000112965386252205	0.00375511790339899	0.0355271815588103	
4_Transposome/Sorghum_halepense-JG_CO_113_A	0.00145955397292623	0.0795740365957576	0.425021881927506	0.0131554887616106	0.00240653299322304	0.00358571035569895	5.0032064993315e-05	0.00494065889075537	0.000101114930829	0.00105348058359777	0.000113411876043647	0.0039579260637196	0.0334573841315804	
4_Transposome/Sorghum_halepense-JG_CO_113_B	0.001130819071508	0.0865813611644584	0.436897541285779	0.0130201547741945	0.00232748502950863	0.00374318797772529	4.43446373932752e-05	0.00533502684120762	7.24437020381138e-05	0.00109768729638613	0.000120300636807929	0.0040988553811891	0.0365148664068821	
4_Transposome/Sorghum_halepense-JG_CO_113_C	0.0010487195339618	0.0832780855186108	0.428751055208888	0.013126423277816	0.00240282671907496	0.00363188916167805	4.63806780454642e-05	0.00560588907901641	8.68374429176434e-05	0.0010216255957204	0.00012840511127164	0.00407909566954624	0.0350637389555459	
4_Transposome/Sorghum_halepense-JG_CO_113_D	0.001018578746137	0.0843979531418239	0.443215782166595	0.0140340037673632	0.00260482590403864	0.00377464954344893	4.34102602787175e-05	0.00516334258909219	8.45470506806004e-05	0.000935741542296654	0.000130984578538177	0.00435810242294188	0.0339224741891847	
4_Transposome/Sorghum_halepense-JG_CO_113_E	0.0016221359930012	0.086286899415954	0.427256402332237	0.0116216940859968	0.00227763879114094	0.00342850920355747	5.70077736994152e-05	0.0050689134180624	7.79437924928237e-05	0.000888376047052997	0.000112369697579452	0.00394985566166983	0.0357257474327099	
4_Transposome/Sorghum_halepense-JG_CO_118_B	0.0010194936001976	0.0883190561120462	0.430645373467302	0.0108023098386436	0.00218951584261637	0.00367005720896612	4.92414265715383e-05	0.00498493708244254	8.92590197416499e-05	0.000597881019530433	0.000109392448645292	0.00383979122742543	0.0368524934386867	
4_Transposome/Sorghum_halepense-JG_CO_118_C	0.00106841501277467	0.0843885518867019	0.427445706944813	0.0123764907147429	0.00228781678286062	0.0036061883535775	4.34422084801188e-05	0.00507822901932986	8.68846565495194e-05	0.000844000004832125	0.000144587458671317	0.00408525920619785	0.0329265476130873	
4_Transposome/Sorghum_halepense-JG_CO_118_D	0.00120491627524842	0.0840454059815516	0.418819333878889	0.0116951697689165	0.00225882108336141	0.00357169135867165	4.56119433223505e-05	0.00481429487569572	7.45175510181183e-05	0.0009083442756662	0.000116222950187932	0.0038176016965962	0.0341605683907122	
4_Transposome/Sorghum_halepense-JG_CO_118_E	0.000989505996835959	0.0846783489661845	0.426419582834194	0.0122878200033383	0.00229340832376728	0.00346991666704727	5.32625275884767e-05	0.00504449125070055	8.10541292158742e-05	0.000871327432854345	0.000134230710112055	0.00393519537015694	0.0348337557839539	
4_Transposome/Sorghum_halepense-JG_CO_120_A	0.000913339387904615	0.0850466229534224	0.426868946716545	0.0118558871218528	0.00222161762717601	0.00358903595901421	4.67283614704687e-05	0.00490537878335033	8.26261534597979e-05	0.000987555686708459	0.000113071302402194	0.00386732346027128	0.0360669800110685	
4_Transposome/Sorghum_halepense-JG_CO_120_B	0.00139271399155715	0.0888540909677107	0.436486894078655	0.0108337893755613	0.00224568780237549	0.00338902403923	4.8900899938809e-05	0.00506408475598769	7.8168031934685e-05	0.000712114073434034	0.000119595130597923	0.00385840286545802	0.0374134076697948	
4_Transposome/Sorghum_halepense-JG_CO_120_C	0.00167945189132992	0.1119159993732	0.53084342016089	0.0107608859453107	0.00269361373094992	0.00354715959015421	4.54208449008613e-05	0.00597029520473184	0.000102741407232345	0.000617868344046654	0.000104595537351107	0.00371839193120921	0.0497897297151586	
4_Transposome/Sorghum_halepense-JG_CO_120_D	0.00145806808287607	0.0821750935831482	0.433627809687182	0.0135012222400511	0.00252183790537649	0.00367526037355718	4.75784988294095e-05	0.00508115749111534	7.40993814686729e-05	0.000848557568868392	0.000117522127647836	0.00428353450171501	0.0341287508898682	
4_Transposome/Sorghum_halepense-JG_CO_120_E	0.00131254031480378	0.0935260025683406	0.442875395448451	0.010904176979447	0.00223355809801579	0.00352210516407138	5.07765487536235e-05	0.00502729501842488	8.53913295541587e-05	0.000841217127452603	0.00012488691679161	0.00387082752077041	0.0402388269634383	
4_Transposome/Sorghum_halepense-JG_CO_122_A	0.00166556776855926	0.090544996652177	0.437997997408099	0.0117380716106435	0.00223138922656372	0.00352327028305767	5.07558264881489e-05	0.00535150227874139	9.06722108836057e-05	0.000723299079305825	0.000108689772532212	0.00394621140192485	0.0400907531394211	
4_Transposome/Sorghum_halepense-JG_CO_122_B	0.00114245459649755	0.0769644379920344	0.439654579296887	0.0134904727434592	0.00251101674412311	0.00353505796191334	5.75866755229445e-05	0.00528247228458193	7.42168957381719e-05	0.000910709224902902	0.000126746405981305	0.00429609513144046	0.0323017540436334	
4_Transposome/Sorghum_halepense-JG_CO_122_C	0.0015437596784877	0.0842427040279466	0.431097641295175	0.0121243692799378	0.00237779455927206	0.00357377452916778	5.19193140019969e-05	0.00507961029764581	7.98681935745462e-05	0.000770353005562539	0.000107843686119729	0.00397922565055745	0.0371900393598717	
4_Transposome/Sorghum_halepense-JG_CO_122_D	0.00104591440996356	0.0882383681643061	0.434747179947597	0.0112382307417351	0.00232994779106133	0.00363470805520264	5.51427166679817e-05	0.00516454408046805	7.7849980335965e-05	0.000748163121899309	0.000124102679127841	0.00385727358615993	0.0356554914086959	
4_Transposome/Sorghum_halepense-JG_CO_122_E	0.0010271468313997	0.0896067330402752	0.44072357246219	0.0109641415531889	0.00223934869656247	0.00357130704288227	6.15351199750073e-05	0.00516591628191446	8.56663641482172e-05	0.000658756166340349	0.00012821402077869	0.00366912722804669	0.0380288351951542	
4_Transposome/Sorghum_halepense-JG_CO_124_A	0.000773779619830088	0.0897984355237639	0.445479254451313	0.010760065110178	0.00217415849743973	0.00348407785784177	5.25143371275699e-05	0.00510597039528183	7.52711597545078e-05	0.000557531406971409	0.000121463946176573	0.00385824079606773	0.0379798470525334	
4_Transposome/Sorghum_halepense-JG_CO_124_B	0.000991297893555589	0.0872988876262643	0.434586401630425	0.0109966044747586	0.00221034126327709	0.00354859598858406	5.68145410405941e-05	0.00515708606801013	8.85498735512095e-05	0.000714480624448148	0.00013593081430389	0.00372947093242759	0.037173185211376	
4_Transposome/Sorghum_halepense-JG_CO_124_C	0.000825370714541219	0.0932480314637765	0.443178138977	0.011426884019431	0.00223099277445508	0.00369838720174419	4.61109662339043e-05	0.005200946388856	7.11863995160022e-05	0.00104998756903332	0.000119578949159597	0.00389228109087251	0.0371934034835755	
4_Transposome/Sorghum_halepense-JG_CO_124_D	0.00103324275482457	0.0854532260673418	0.43783632810558	0.0122450650580192	0.00240285918842258	0.00366539486304234	3.96306626094806e-05	0.00498930028869243	6.2773535823071e-05	0.000695319949178436	0.000142127306492869	0.00415391672687496	0.0383024186953637	
4_Transposome/Sorghum_halepense-JG_CO_124_E	0.000831964330810711	0.0869098914069163	0.43627282690289	0.0124872242769779	0.00226622568778144	0.00353717154293982	5.16323930507678e-05	0.0050790763654445	7.30830192553273e-05	0.000667084171743322	0.000120048347985199	0.00395862297138644	0.03526704858244	
4_Transposome/Sorghum_halepense-JG_CO_125_A	0.00110763672007681	0.0776139691573028	0.415349299655006	0.0133303455983726	0.0024725109955175	0.00352079003697938	4.76007293701008e-05	0.00496463210213665	7.03993521682565e-05	0.00116131703325025	0.00012084688286802	0.00407799296874415	0.0363071785679954	
4_Transposome/Sorghum_halepense-JG_CO_125_B	0.00101136736448231	0.0851277424534842	0.429156996401231	0.0125125565623822	0.00228818655953021	0.00362350388171255	4.32399241012722e-05	0.00520862397233516	7.89243551039093e-05	0.00120959380699126	0.000134621474072001	0.00392058835671742	0.0365791652853039	
4_Transposome/Sorghum_halepense-JG_CO_125_C	0.00127370603733818	0.0869082719708302	0.428817245433806	0.0120257077692752	0.00228644210382818	0.00374799810128661	4.58612149767045e-05	0.00501312929134364	8.35369759202333e-05	0.000758466326590916	0.000123667545090015	0.00401986064458163	0.0382654872330364	
4_Transposome/Sorghum_halepense-JG_CO_125_D	0.00119374712218713	0.0894415297128337	0.436225815316899	0.0112668601532994	0.00209266850520497	0.00360301482631891	4.49287573321627e-05	0.00555647295664269	8.3826954373135e-05	0.000715054145375899	0.000122104114218328	0.00386344915560194	0.0395679266730741	
4_Transposome/Sorghum_halepense-JG_CO_126_A	0.00143585941702726	0.086657228058098	0.434629793840645	0.0116574747933452	0.0022765807477063	0.00356382533163498	5.84110526868985e-05	0.00508197062766503	8.12735945558639e-05	0.000851219274076508	0.000122303232003244	0.00391552090734852	0.0393462925157212	
4_Transposome/Sorghum_halepense-JG_CO_126_B	0.00136879108322222	0.0833296945209714	0.430936521806137	0.0123101464449244	0.00247196581087148	0.00341851492216004	4.54470588084042e-05	0.0048877525870612	8.41250462296087e-05	0.000769681711177484	0.00013733290855106	0.0039408581599588	0.0352806558698083	
4_Transposome/Sorghum_halepense-JG_CO_126_D	0.00161690816931465	0.0891097672758155	0.489823161822946	0.0170744897445309	0.00259662078100029	0.00403229639156271	4.91372013607868e-05	0.00626975218991564	6.7718388076045e-05	0.000923021122758916	0.000155970653290209	0.00494198610748716	0.0346060423367211	
4_Transposome/Sorghum_halepense-JG_CO_128_A	0.00116878268428918	0.0912104454746713	0.505491809507645	0.0178870992658523	0.00288212673419629	0.00418639436027575	3.85887143545069e-05	0.00677851642605358	6.77997636413867e-05	0.00115784814131392	0.000139720636598106	0.00510824590980786	0.0355748223754745	
4_Transposome/Sorghum_halepense-JG_CO_128_B	0.00145627993634179	0.0905311744691137	0.490906113105516	0.0165423373102621	0.00252063460030909	0.00405402619849472	5.24893897234018e-05	0.00614390965544152	7.04521047685549e-05	0.00114595565987762	0.000129433843401646	0.00494167658751874	0.0363484571397439	
4_Transposome/Sorghum_halepense-JG_CO_128_C	0.00123595142961307	0.0855434228066226	0.474365717041872	0.0153604866761686	0.00258376171853851	0.00376124407879606	4.59846004201642e-05	0.00592119959769396	8.29777653441523e-05	0.00120032619353982	0.000118075667172776	0.00460124831180495	0.0322382316325621	
4_Transposome/Sorghum_halepense-JG_CO_128_D	0.00151075817083888	0.0936519099276776	0.516657178594665	0.0184270007411099	0.00279333161307402	0.00427587771596815	3.83316883824547e-05	0.00668899751753499	8.41579155811928e-05	0.00106361409332057	0.000142034543658118	0.0051359005993104	0.0365717362769358	
4_Transposome/Sorghum_halepense-JG_CO_128_E	0.00151749946351994	0.0906849252234658	0.496720815760108	0.0177010031206314	0.00269157995370366	0.0041416684456184	4.50480099237366e-05	0.00641529967153646	7.95676753301281e-05	0.00155901566007793	0.000134175600627208	0.00529618885538488	0.0359614125613272	
4_Transposome/Sorghum_halepense-JG_CO_131_A	0.000944045241901228	0.0856837296585074	0.447644605492417	0.014513723575238	0.00239121863260087	0.00378131450653053	4.81600396730535e-05	0.00557188849900154	8.28424888913533e-05	0.00100223082533053	0.000134165708089127	0.00473738447384803	0.0317405040813902	
4_Transposome/Sorghum_halepense-JG_CO_131_B	0.00180290150918728	0.0896356016107799	0.501864220809543	0.0177619837546381	0.00294043382151188	0.00420662202584	4.51739356355376e-05	0.00663478340160375	8.55741828134327e-05	0.000984114835425204	0.000139158647065333	0.0052440363860213	0.0363006708807317	
4_Transposome/Sorghum_halepense-JG_CO_131_C	0.00146018385270417	0.0838515766191748	0.455116556123226	0.0165801363563544	0.00269553287753347	0.00379166791902916	4.90105541359219e-05	0.00589685313453086	8.21098929007183e-05	0.0012417948248778	0.00012033324096841	0.00480200901009003	0.0354101928784701	
4_Transposome/Sorghum_halepense-JG_CO_131_D	0.000773309901598559	0.0814143876811383	0.427712840026538	0.014922161234635	0.00260260323137245	0.0035872416971206	4.83627678944993e-05	0.00520639065510165	8.3167196228517e-05	0.000890605784527823	0.000125795715726893	0.00454350601379443	0.03481312858947	
4_Transposome/Sorghum_halepense-JG_CO_131_E	0.00117935791158037	0.087429019494061	0.441126447732101	0.0130591593188042	0.00231818336747992	0.00363504669219385	5.34769003917101e-05	0.00519387897379111	8.57441135289612e-05	0.00105190376029291	0.000140620198304521	0.0042135099825879	0.0354114576519086	
4_Transposome/Sorghum_halepense-JG_CO_132_C	0.00131053453615398	0.0813517058296011	0.426083574912873	0.0148266206298246	0.0022651024155258	0.00370401259436316	7.9583110233643e-05	0.00530253075089244	7.10092489363063e-05	0.00113265229788192	0.000114587198180849	0.00430303387578614	0.0319490525987654	
4_Transposome/Sorghum_halepense-JG_CO_132_D	0.00107968385954771	0.0851443109608491	0.446906741963595	0.0157447265394289	0.00251810642297755	0.00388094467270643	6.77522497170178e-05	0.00569771920470948	7.39019236297289e-05	0.000650803402839994	0.000142291687932307	0.0045460661712873	0.0343963587632537	
4_Transposome/Sorghum_halepense-JG_CO_132_E	0.00119641971798784	0.0809368522080315	0.432986235765493	0.017323520917036	0.00252319391925413	0.00392340802755254	6.38667180348117e-05	0.00564657735146156	6.82494806508437e-05	0.000767579456026196	0.000130457918717448	0.00476881601542765	0.0318724225060089	
4_Transposome/Sorghum_halepense-JG_CO_132_F	0.000896602081839709	0.0869977171571415	0.454702433986389	0.0159945098890516	0.00243754234841072	0.00382686203465928	6.32795356209744e-05	0.00577290153918148	6.55175867527589e-05	0.00110685127400839	0.00013686043908361	0.00465502000995976	0.03336241270047	
4_Transposome/Sorghum_halepense-JG_CO_132_G	0.00146993129062818	0.0893694628920035	0.475129111956134	0.0188851222459378	0.00245304680254994	0.00415713608739495	5.36730414883515e-05	0.00610651116818485	8.02371073633872e-05	0.00156347398458429	0.00013800587942671	0.0051633964636887	0.0358867411723558	
4_Transposome/Sorghum_halepense-JG_CO_132_H	0.00195776187835399	0.092289536434221	0.487711750612955	0.0177163834015638	0.00271330502478369	0.00416141113241858	5.80103695000168e-05	0.00622115246337971	6.63792260658501e-05	0.0011481280377212	0.000126707644545607	0.00489336532374616	0.0376352648207334	
4_Transposome/Sorghum_halepense-JG_CO_132_I	0.00147043635463222	0.086796889450008	0.476990883035508	0.0185541134554415	0.00277316872230791	0.00403270309622127	5.72359807440884e-05	0.00596708833629788	8.10781598898935e-05	0.00105189583280497	0.000125512186665053	0.00482653334632672	0.0342808620407577	
4_Transposome/Sorghum_halepense-JG_CO_132_J	0.00128498183120818	0.082478148300427	0.437313365820807	0.0161978866367475	0.00221081238325771	0.00381872035612628	6.84521847170304e-05	0.00534419442595585	6.09822627333682e-05	0.00123822259328581	0.000128046624439131	0.00461712622850051	0.0327621020677353	
4_Transposome/Sorghum_halepense-JG_CO_150_C	0.00126349436817818	0.0791444608357325	0.437366533258075	0.0140072461432723	0.00249883244997337	0.00370402756003442	6.49512577783957e-05	0.00532635515246685	8.38513536587392e-05	0.000954047381467214	0.000145917957170488	0.00433955086339476	0.0329458512944258	
4_Transposome/Sorghum_halepense-JG_CO_150_D	0.00145191756217091	0.0787125719581822	0.44450102188957	0.0140242618624504	0.00258816410964565	0.00377053773697693	4.90929379872111e-05	0.00530777454715199	6.46358629343823e-05	0.000879861872152457	0.000131368902442663	0.00446072465636675	0.0335526990270452	
4_Transposome/Sorghum_halepense-JG_CO_150_E	0.00168833960854827	0.0806639630029278	0.444757146877594	0.0143276351032052	0.00259967440608013	0.00390630553617245	5.65397625062203e-05	0.00575637569564179	7.46195614468051e-05	0.000946468812917228	0.00016232276048731	0.00470752976271966	0.0334273449912045	
4_Transposome/Sorghum_halepense-JG_CO_150_H	0.00136182102572491	0.0880736366790021	0.451940572949293	0.0122142143703072	0.00250090828388575	0.00363983684669026	5.97354265443651e-05	0.00533761563618316	9.78241218349739e-05	0.000950378208162986	0.000120463753159087	0.00408883831392059	0.0362168075881303	
4_Transposome/Sorghum_halepense-JG_CO_150_I	0.00140462208281894	0.0872357274560455	0.43023132306064	0.0121662907867634	0.00267079183791795	0.00373573426035442	5.73918956879582e-05	0.0051899566739754	0.000105597087966087	0.000508878015191925	0.000128449929197448	0.00404885558009962	0.0365592445106171	
4_Transposome/Sorghum_halepense-JG_CO_188_B	0.000997635729233189	0.111123745284244	0.507277406730879	0.0115729531748095	0.00261101158280145	0.00365493721838416	4.70696486238794e-05	0.00589048894742614	9.21850280425181e-05	0.000510331859767061	0.000117317378743535	0.00424109452485645	0.0490981228972238	
4_Transposome/Sorghum_halepense-JG_CO_188_C	0.00129997785422391	0.0816541624033196	0.439438332334901	0.0153057439507395	0.00280741041044014	0.00361819270995173	5.30481162129658e-05	0.00555153062426886	9.20265294233012e-05	0.000838471364246297	0.000120565067472115	0.00475934857812328	0.0363468900611227	
4_Transposome/Sorghum_halepense-JG_CO_188_D	0.00116643899561676	0.090456946603836	0.477056305575211	0.0167469382323853	0.00269485933855097	0.00398345147255182	4.04849798574305e-05	0.00601950855771601	7.19095449999532e-05	0.00131738367461758	0.000141665315317427	0.00506649993567345	0.0338192493628775	
4_Transposome/Sorghum_halepense-JG_CO_194_A	0.00135672455212159	0.0776246008926262	0.443219483740796	0.0166307306654939	0.00265226924843326	0.00387216536290784	4.84103199871939e-05	0.0056449979744238	7.33948590124908e-05	0.00126741354690279	0.000124117123216767	0.00483160701859749	0.0352555607507965	
4_Transposome/Sorghum_halepense-JG_CO_194_B	0.0017431474871783	0.0770087108263773	0.432367423324489	0.0162640318514129	0.0024213038656234	0.00383875511110739	5.44683511807691e-05	0.0055201528559414	7.58175965587731e-05	0.00146371722347336	0.000146679285436426	0.00465570734467489	0.0312769823185634	
4_Transposome/Sorghum_halepense-JG_CO_194_C	0.00174323166201612	0.0829253969915145	0.452296379750502	0.0157274712894799	0.00250790435652229	0.00409742405623256	4.03218822469644e-05	0.00576791427215609	7.70758601368963e-05	0.000996301284838137	0.000113505069790611	0.0047522264832252	0.033874584622106	
4_Transposome/Sorghum_halepense-JG_CO_194_F	0.00139057566980509	0.0896888190460297	0.455817964645343	0.0142276098762412	0.00256364968687082	0.00384069718102105	5.2225547542115e-05	0.00543206545945141	9.57301505442184e-05	0.00126368138885325	0.000149030778131947	0.0046029720527553	0.0332947492846621	
4_Transposome/Sorghum_halepense-JG_CO_194_G	0.00176470807744202	0.0915686566880016	0.492634750588183	0.0164379099760058	0.00279119275164476	0.00412465894544438	4.77288479476601e-05	0.00638335144879113	9.03625990254282e-05	0.00138790669569935	0.000135383635199891	0.0049863704813219	0.0350825749543631	
4_Transposome/Sorghum_halepense-JG_CO_194_I	0.00154144862549818	0.0896642446528795	0.482228080171187	0.0168897225122748	0.00255794891673747	0.0040737421846202	4.01994531438642e-05	0.00596258541798714	8.22096889218136e-05	0.00139622145450999	0.000132545015297627	0.00512936534971465	0.0352758502835251	
4_Transposome/Sorghum_halepense-JG_CO_197_A	0.00162862145437083	0.0913304028916242	0.49796394538407	0.0203332034409002	0.00277222266198729	0.00444926140747735	4.70066948205922e-05	0.00687388929999423	7.38092812159798e-05	0.00187663657412045	0.000147009013899174	0.00554522116190103	0.0442406707306025	
4_Transposome/Sorghum_halepense-JG_CO_197_B	0.00138428492658986	0.0864317823417552	0.461574514133761	0.0173912546616932	0.00259412118655004	0.00398672331854497	5.94577462733189e-05	0.00573881444707609	6.47701981421701e-05	0.00144381418241565	0.000127820711457114	0.00513518822489302	0.0349169729944891	
4_Transposome/Sorghum_halepense-JG_CO_197_C	0.00125991863817178	0.0894824649604582	0.472447257420481	0.0165608064595657	0.00265312407998926	0.00418100069278887	5.43492911974532e-05	0.0060095844441457	8.82126225096299e-05	0.00128015175205212	0.000164498106988726	0.00497456601683356	0.0353602645096854	
4_Transposome/Sorghum_halepense-JG_CO_197_D	0.00120778198917367	0.0871914085522872	0.461027308044924	0.0165042969046755	0.00242664798252311	0.00388964132727349	5.29633827522133e-05	0.00555589968243068	8.29099252048198e-05	0.00126558851063065	0.000143964681563251	0.0048170386201096	0.0339967256443738	
4_Transposome/Sorghum_halepense-JG_CO_197_E	0.00120738797962071	0.0865929357982392	0.458418732651026	0.0160787676236018	0.00244357079114337	0.00402393172796588	5.86530509472959e-05	0.00566177424929108	7.94874178490055e-05	0.00160006353883378	0.000141955609309426	0.00456534598065024	0.0365927935789822	
4_Transposome/Sorghum_halepense-JG_CO_197_F	0.0016262405919165	0.0851107922964108	0.455361126077896	0.0163332425116192	0.00242375894899593	0.00406380068163187	3.84245083715578e-05	0.00594870697186863	7.99257141599386e-05	0.00158742205734986	0.000147901039612606	0.00482962170005597	0.0329233368999465	
4_Transposome/Sorghum_halepense-JG_CO_197_G	0.00129950450867224	0.0840318004819261	0.447167837943659	0.0175661683320663	0.0025939544314676	0.00395830064538518	5.56767956773396e-05	0.00623178586373141	7.85934389940626e-05	0.00160699007533333	0.000152183435851851	0.00516139467257309	0.0347055093761342	
4_Transposome/Sorghum_halepense-JG_CO_197_H	0.00136123176062993	0.0780542725095557	0.421645468908287	0.0160374294717155	0.00230034333379475	0.00373709219789479	5.87274756094857e-05	0.00554419021857307	6.69779914071866e-05	0.00142639373334285	0.000145793148530617	0.00470707428114883	0.0331280782090802	
4_Transposome/Sorghum_halepense-JG_CO_197_I	0.00135377530846043	0.0837210491340722	0.438744250809592	0.0166919075793469	0.00243036527790392	0.00394079386517892	6.1067513816073e-05	0.00577777426397863	7.24343768913436e-05	0.00204251294789489	0.000131757224352707	0.00486821528953509	0.0329984964071328	
4_Transposome/Sorghum_halepense-JG_CO_199_A	0.00157649866831284	0.0937492270447663	0.488119680905054	0.0190012698055677	0.00271777845348696	0.00448875747629571	5.57770430720997e-05	0.00625184563240863	8.20683454348217e-05	0.00103769655808944	0.000147458955109466	0.00532209529297606	0.0385341458200926	
4_Transposome/Sorghum_halepense-JG_CO_199_B	0.00124422001463466	0.0882612375029329	0.456262833345582	0.0173255063602665	0.00256306608941269	0.00416999076139905	4.20011671925494e-05	0.00613669927019532	7.20315930427205e-05	0.00187292969374036	0.000134884100731802	0.00497848150548749	0.0330331444637247	
4_Transposome/Sorghum_halepense-JG_CO_199_C	0.00273462253696912	0.10379173299816	0.565799559725726	0.0281748767877779	0.00336324618971385	0.00411708140142418	7.11503961121469e-05	0.00690934049031776	4.92166331732697e-05	0.00108814960263817	7.46481342805493e-05	0.00618990097223437	0.0584216005874132	
4_Transposome/Sorghum_halepense-JG_CO_199_D	0.00110343870103841	0.0824163569206202	0.439543143153166	0.0157195728896832	0.00232466528355558	0.00374766027356151	5.74850209485565e-05	0.00566705295516065	8.181587216016e-05	0.00100108264331865	0.000147238808013146	0.00462530125033873	0.0335410084827663	
4_Transposome/Sorghum_halepense-JG_CO_199_E	0.00111090431930059	0.0909155005384316	0.459576502431419	0.0130029995276474	0.00223187379219343	0.00404406376115219	4.84175813260496e-05	0.00554248950414252	8.40371917703168e-05	0.000963980459513528	0.000156295239036856	0.00420988104141982	0.0322882204914156	
4_Transposome/Sorghum_halepense-JG_CO_204_A	0.00114222125918037	0.0942155036866686	0.500152383233866	0.0168927784855215	0.0025565027825632	0.00427539933886223	5.15356292142501e-05	0.00625613269392074	6.52374886348982e-05	0.00135670847089171	0.000159398711957765	0.00498396766388731	0.0371219325339711	
4_Transposome/Sorghum_halepense-JG_CO_204_B	0.00157355534201485	0.0932914916437088	0.501375926918964	0.0176713311524517	0.0027620117814014	0.00408375654077929	5.67781956951231e-05	0.00650843603983061	7.56567125638069e-05	0.00151748677243999	0.000118113040778062	0.0051460507130059	0.0361811451350015	
4_Transposome/Sorghum_halepense-JG_CO_204_C	0.00143242866999131	0.0889177832952011	0.455643578469838	0.013475002171232	0.00225022174023174	0.0037859326217241	5.30971266146279e-05	0.00552592539648294	6.95739876327324e-05	0.000958662748151268	0.000126956846025288	0.00425966206877613	0.0340587748537194	
4_Transposome/Sorghum_halepense-JG_CO_204_D	0.00179487936234161	0.0884687559854298	0.474573847024713	0.0161859915658161	0.00251661592069201	0.00407717742825215	4.70768426660265e-05	0.00618942949328283	7.79778613815741e-05	0.00157854162894878	0.000109904505472049	0.00480796315663332	0.035121422360185	
4_Transposome/Sorghum_halepense-JG_CO_206_A	0.00109450497536916	0.0903890282380283	0.454536128909083	0.0126295627519683	0.00244237680991824	0.00373707835115563	5.00834793840413e-05	0.00540135993392814	9.04945612685253e-05	0.00107076002385222	0.000132475845132947	0.00412794368933546	0.0356087024298368	
4_Transposome/Sorghum_halepense-JG_CO_206_B	0.00150910024731588	0.108546277354777	0.519950533378664	0.0118215813935537	0.00220178625328018	0.003893991626753	3.89188055232135e-05	0.00567129377179327	8.20483289138652e-05	0.00119500199892313	0.000122955140735728	0.00400764525160159	0.0412778794269048	
4_Transposome/Sorghum_halepense-JG_CO_206_C	0.00158915296918929	0.0961871398954754	0.510734436328236	0.017969845056166	0.00278320691627246	0.00412791378664046	3.6712228582154e-05	0.00667467824864063	7.05003136189517e-05	0.00163201957215013	0.000121949604600312	0.00518146447401392	0.0368343806072535	
4_Transposome/Sorghum_halepense-JG_CO_206_D	0.00115043651523942	0.0851705690217685	0.457666923357959	0.0160829515149292	0.00259807535219882	0.00411820046022603	5.17805921434545e-05	0.00607120936497169	8.22508984314136e-05	0.00144156194219453	0.000143504508836342	0.00477104374078558	0.0329778526691813	
4_Transposome/Sorghum_halepense-JG_CO_206_E	0.00112537003655344	0.0943421615782714	0.518742482129187	0.01781434844406	0.00289285264977951	0.00406594951365346	5.02588659553743e-05	0.00661278504378897	5.49733480420295e-05	0.00212466897370204	0.000146718323255841	0.00534632810325849	0.0373617250522283	
4_Transposome/Sorghum_halepense-JG_CO_207_A	0.00167836400404182	0.111732334135736	0.557182442521583	0.0165272025524412	0.00314240972707368	0.00403652130806574	4.75233768659445e-05	0.00650399732780109	8.52719535929121e-05	0.00114312422911574	0.000106378928719938	0.00464601932342066	0.0489566603998195	
4_Transposome/Sorghum_halepense-JG_CO_207_B	0.00166385702046951	0.10752649775066	0.561879044996914	0.0165748470184922	0.00308468999996578	0.00410659366931535	5.5793745868694e-05	0.00648908264385768	7.63903582342258e-05	0.000916854197781157	0.000129513903924354	0.00478953068308302	0.043331714207764	
4_Transposome/Sorghum_halepense-JG_CO_207_C	0.002010219522658	0.12374828607433	0.60680009165166	0.0125565698614879	0.00253496605532954	0.00362268367300916	3.55243641367417e-05	0.0064584417618772	8.91658613168897e-05	0.000858375614797581	0.000131683774461454	0.00394595858751	0.0491338070896627	
4_Transposome/Sorghum_halepense-JG_CO_207_D	0.000899104683430206	0.134589477369987	0.636572767723926	0.00931288982645234	0.00201586057838379	0.00274225822303939	2.05559357513408e-05	0.00608547747819108	0.000109366292999646	0.00150097082346828	2.37483291326667e-05	0.00297781560390527	0.0533498757217811	
4_Transposome/Sorghum_halepense-JG_CO_207_E	0.0019793294623275	0.127473345291567	0.607711430229671	0.0124914373805589	0.00261881330068493	0.00353430575379993	2.69107430427063e-05	0.00646448330642707	6.27977075502773e-05	0.00116374504447262	0.000120145250094754	0.00389340131875002	0.0462685758252291	
4_Transposome/Sorghum_halepense-JG_CO_215_A	0.00140743875142984	0.086099531310475	0.452007718294051	0.0147897416943493	0.00248376016050643	0.0038598852657032	5.02970894856759e-05	0.0057578369847151	7.92528119183804e-05	0.00112814255966364	0.000135290312586495	0.0044004579201251	0.0358009611887255	
4_Transposome/Sorghum_halepense-JG_CO_215_B	0.00134094154396344	0.0864996057231386	0.449987600763538	0.0141279316657257	0.00239450987042286	0.00385049644636898	5.00248590332146e-05	0.00577813475027206	7.45166348543815e-05	0.00122088247160148	0.000145337268016444	0.00442055438644786	0.0358001890317598	
4_Transposome/Sorghum_halepense-JG_CO_215_C	0.00116569669686828	0.0874595525221779	0.444373428939412	0.0140575300124078	0.0024782873978934	0.00388131059027184	4.05277639578825e-05	0.0054664550280788	7.53491155205203e-05	0.00118149452500296	0.000114759810578083	0.00425132616857844	0.0377785814364207	
4_Transposome/Sorghum_halepense-JG_CO_215_D	0.00109195391548005	0.0915652513214148	0.461820104271023	0.012908940004641	0.00235828286167464	0.0038673703437299	5.97499757721922e-05	0.00541209213676674	6.64946150782739e-05	0.00103385311606572	0.000129409789703568	0.00425463864517906	0.0381818595742172	
4_Transposome/Sorghum_halepense-JG_CO_215_E	0.00128556400041741	0.079550908979363	0.435280119181253	0.0160670201026249	0.00269025541845569	0.00402440860488967	5.06428141367376e-05	0.00560687777688477	8.98435625669664e-05	0.00106593196023902	0.000179428618354068	0.0046297990573736	0.0388227339176436	
4_Transposome/Sorghum_halepense-JG_CO_218_B	0.00158628570620186	0.0945829726707253	0.490960232552559	0.0141971202484906	0.0025288547904503	0.0040265589228852	4.37146216519014e-05	0.00590340538715541	7.21262556950842e-05	0.00128216397058716	0.000151052228227328	0.00455375334133632	0.0375917240861499	
4_Transposome/Sorghum_halepense-JG_CO_218_C	0.000937623258540702	0.0914356623569222	0.463451623278003	0.0125878235261753	0.00244986921854903	0.00374657138456979	5.21397213712281e-05	0.0053609546838115	8.42093407317193e-05	0.000987112616054191	0.000123318311504715	0.00424921333368436	0.0349840789692744	
4_Transposome/Sorghum_halepense-JG_CO_218_D	0.0015249557319618	0.119137004553679	0.570430496101775	0.0110238152494832	0.00258828088510434	0.00371430962603655	4.24728996377884e-05	0.00601139623233608	8.17701502316306e-05	0.000751418054905516	0.000107645116905063	0.00381355164006815	0.049819045700335	
4_Transposome/Sorghum_halepense-JG_CO_218_G	0.00142191085938485	0.090261476567404	0.483034964513924	0.0154160215726548	0.00245985044374495	0.00418194892105924	5.41299259719433e-05	0.0056989384345701	7.49706323498907e-05	0.00100592860725449	0.000136079307032181	0.00460508477646678	0.0354933954410896	
4_Transposome/Sorghum_halepense-JG_CO_218_H	0.00122369722400039	0.0841282172596929	0.455374913243764	0.0146558940465798	0.00257534880167888	0.00386357233940816	5.37465156282277e-05	0.00534639079090635	7.83941910432661e-05	0.00158104869245209	0.000149690073657043	0.00463658136244592	0.0346896517723415	
4_Transposome/Sorghum_halepense-JG_CO_220_C	0.00160671137440248	0.0900823948549625	0.480828667459454	0.0163806202983832	0.00259224491352734	0.004225005992151	4.51836421855607e-05	0.00584878207627552	7.85953829897504e-05	0.00144199318770733	0.000140237930790708	0.00499793369831579	0.0348179291884063	
4_Transposome/Sorghum_halepense-JG_CO_220_D	0.000945727968299457	0.0915917420948323	0.507854243784177	0.0171276529175621	0.00263889973384375	0.00413067188397768	4.9297636141625e-05	0.00608194081303815	7.23407412159581e-05	0.00122429559662389	0.00014500509545748	0.00496938222714728	0.0380825995083687	
4_Transposome/Sorghum_halepense-JG_CO_220_E	0.00129108290762224	0.0894062686864858	0.473564728811251	0.0154965192309146	0.00246795077189558	0.00400942919750965	5.01271118582887e-05	0.00547566460074412	7.99139752772494e-05	0.00101954159002358	0.00012644283667577	0.00468562077692076	0.0359755737692502	
4_Transposome/Sorghum_halepense-JG_CO_223_A	0.00160849059379436	0.0887668193533707	0.475685096144792	0.0145559970242	0.00248031128518472	0.00397180753293323	5.29672889770423e-05	0.00550075064501216	7.67555796831815e-05	0.00124715265782818	0.000143081086705378	0.00459167878858935	0.0353789833224556	
4_Transposome/Sorghum_halepense-JG_CO_223_C	0.00131447111123463	0.0936528426505125	0.506940224932593	0.0159105013583562	0.00247202123246443	0.00416876362279339	3.63380735163249e-05	0.00607441896684503	7.28215165733343e-05	0.00114654598733898	0.000103969041405894	0.00472496802553074	0.0380110976203742	
4_Transposome/Sorghum_halepense-JG_CO_223_D	0.00116190397783658	0.091605667227412	0.472313002334816	0.0138550214349271	0.00233822034251751	0.00412514019449052	4.88280462151494e-05	0.00565683842741443	8.98817644845864e-05	0.000946848024417789	0.000141145308002047	0.00448155802234415	0.0356013679443642	
4_Transposome/Sorghum_halepense-JG_CO_223_F	0.00114762533113995	0.0903502374856228	0.460518556937955	0.0136050484811405	0.00239088754569809	0.0038471063759339	5.64886723265222e-05	0.00538322073116005	7.72701269841607e-05	0.000990231686920653	0.00013006657229508	0.0043834572791156	0.0349302357273632	
4_Transposome/Sorghum_halepense-JG_CO_224_A	0.00123924832984989	0.0933030684315557	0.468443529910975	0.0130498136665085	0.00241890278790985	0.00398040342187313	5.75869135218644e-05	0.00552770151791209	8.80028743149949e-05	0.00126043159626857	0.000132246377303656	0.00436247421132181	0.0356847042305053	
4_Transposome/Sorghum_halepense-JG_CO_224_B	0.00106955617026159	0.0792059211598383	0.435839727710528	0.0141381850825441	0.00241208650098457	0.00380794923135496	3.91207358269164e-05	0.00529191385276744	7.18284422155458e-05	0.000919970326458977	0.000140679902937062	0.00452660705470273	0.032243253831221	
4_Transposome/Sorghum_halepense-JG_CO_224_C	0.00142991119648424	0.0870954286522544	0.459167804783723	0.0147109225001988	0.00254422903539731	0.00398704159992893	4.58771173649623e-05	0.00551047650342618	8.09444629447912e-05	0.0011827742751527	0.000150637005145441	0.00452437718672069	0.0337866756874737	
4_Transposome/Sorghum_halepense-JG_CO_224_E	0.000991860053774744	0.0853304863081835	0.445395858033162	0.0129194022468688	0.0022283398462956	0.00359006972081932	6.34340167487484e-05	0.00518318076629222	7.55854656798056e-05	0.000689826473538931	0.000139074215149258	0.0042219671134969	0.034103268157155	
4_Transposome/Sorghum_halepense-JG_CO_224_F	0.00109925802816522	0.0872410189420179	0.447776176870426	0.0125151596156204	0.00221226018722184	0.00365794276891826	5.77373298615853e-05	0.00514431254233675	8.45595991155679e-05	0.00102864535345322	0.00012445623337768	0.00413775573256978	0.0357611181868574	
4_Transposome/Sorghum_halepense-JG_CO_225_A	0.00127552454278672	0.076156390176732	0.418868931857032	0.0147935575837007	0.00280008167935344	0.00362358181963859	5.80748451354494e-05	0.00553378154404089	8.71838916574237e-05	0.000874765455312193	0.000143611565764287	0.00464713047251514	0.0367219691298318	
4_Transposome/Sorghum_halepense-JG_CO_225_C	0.0011005086183992	0.101888098229439	0.473887217276361	0.0114346375407284	0.00263976340988889	0.00367828470452914	6.07784071888163e-05	0.00562629532940827	9.4895526741712e-05	0.000869603214516553	0.000136851437976115	0.00403437456317462	0.0467432393342945	
4_Transposome/Sorghum_halepense-JG_CO_225_D	0.00125179613028934	0.0885655836755494	0.479358660199195	0.0167476327720934	0.00275298711715033	0.00422548096488978	4.75843893647087e-05	0.00600584628980597	8.60626377355564e-05	0.000970433698753224	0.000148132295354257	0.00498353285250446	0.0389954795505307	
4_Transposome/Sorghum_halepense-JG_CO_225_E	0.00134906238542073	0.100587202336558	0.454921055166351	0.0100175297674228	0.00257819855385681	0.00336479969996212	4.94647697887496e-05	0.00578936753174611	8.89864373048946e-05	0.000918369737979304	0.000131782929812431	0.00371913990288955	0.0476742243120256	
4_Transposome/Sorghum_halepense-JG_CO_229_A	0.00169491407036912	0.0775080578850984	0.423688010742004	0.0151154714709774	0.00255836473912335	0.0037339359033217	5.31485469251592e-05	0.00556173436476446	7.39393014438875e-05	0.00117842267072812	0.000146786043262633	0.0043737346142929	0.0324229581516384	
4_Transposome/Sorghum_halepense-JG_CO_229_C	0.00175867875379728	0.0787052977605069	0.411947036010507	0.0148719211097815	0.0026469486655299	0.00368072531312781	5.84061487350689e-05	0.00533095490235212	7.428705408328e-05	0.000876946202187047	0.000148004560818584	0.00436297635668003	0.034898875033558	
4_Transposome/Sorghum_halepense-JG_CO_230_A	0.00116104669813509	0.0879268875534103	0.460155262444498	0.0128899467682484	0.00224632521066163	0.00380893302899297	5.00929929246215e-05	0.0052210143900319	8.19734110872759e-05	0.00103821443527734	0.000123661664256563	0.00417272139308335	0.0343110773098215	
4_Transposome/Sorghum_halepense-JG_CO_230_C	0.00162161462159217	0.0835400044035328	0.436577720036016	0.0122915297915134	0.00237103991558865	0.00349855471706297	5.60446616695519e-05	0.0051471586241718	8.86589850699303e-05	0.000654772399184917	0.000128868615517827	0.00399224869484475	0.0332657921750835	
4_Transposome/Sorghum_halepense-JG_CO_232_A	0.00130258291530473	0.0905426313437109	0.465798687679977	0.0142345253101409	0.00240155457261214	0.00410735370166122	4.50923917425566e-05	0.00540022186253424	8.10940627667408e-05	0.00134990864857088	0.000146773799804937	0.00449876998334149	0.0355170925711815	
4_Transposome/Sorghum_halepense-JG_CO_232_C	0.000970377306100789	0.0882683453054286	0.449309061222362	0.012002653709872	0.00227548821141494	0.00369317975426921	5.05735578121325e-05	0.00516421917820119	8.28217530789771e-05	0.000833887318510855	0.000124651111833208	0.00422050873424395	0.0337338328419457	
4_Transposome/Sorghum_halepense-JG_CO_232_F	0.00158216647649722	0.0870810668124995	0.471910426200038	0.0165027321171524	0.00252725568060457	0.00425122467465643	2.24063024450133e-05	0.00600375708664358	8.59632958121722e-05	0.0012209192032038	0.000123899829395586	0.0048593659485967	0.0333259454618693	
4_Transposome/Sorghum_halepense-JG_CO_235_A	0.00177220335244142	0.0879370295532957	0.433324603887326	0.0127295420563944	0.00240936243355848	0.00364758123541089	5.30401391754666e-05	0.00484612966912302	7.3585110124039e-05	0.000756100286677843	0.000140408954340851	0.00405493106330006	0.0365581640133078	
4_Transposome/Sorghum_halepense-JG_CO_235_C	0.00174661230797528	0.0867299806423665	0.433112926843999	0.0104053410539709	0.00211338457478792	0.00340513281874756	5.6979799655877e-05	0.00486945393897073	7.21525788231085e-05	0.000549033978605271	0.000100710633252084	0.00355381720503168	0.0348524002895416	
4_Transposome/Sorghum_halepense-JG_CO_235_D	0.00138367658768216	0.091478483648486	0.438019786042948	0.0110455828422829	0.00220984813014331	0.00364851673223917	5.75237048050945e-05	0.00506572138707461	7.95747812563176e-05	0.000413579351189662	0.000111360255155625	0.00387869090603366	0.0344269308029863	
4_Transposome/Sorghum_halepense-JG_CO_235_E	0.0014074984571389	0.0896630550062965	0.443900368865811	0.0102154705065955	0.00219008595355817	0.00358293351472707	5.10206425003402e-05	0.00487939169942249	7.70305606667047e-05	0.000777560500128565	0.000106623842733677	0.00362834334854621	0.0363288683372466	
4_Transposome/Sorghum_halepense-JG_CO_239_A	0.00117070975647143	0.0859108667455215	0.429166583355512	0.0109392526696178	0.00224912591548852	0.00355893597217781	4.34048231103784e-05	0.00486973213382895	7.66488557914412e-05	0.000969941048511388	0.000118633649673011	0.00386322616991154	0.0350327287012593	
4_Transposome/Sorghum_halepense-JG_CO_239_B	0.000939533800848293	0.0909086377889019	0.443426466751783	0.0113710548273173	0.00243896061512481	0.0037203770711896	4.90904803571856e-05	0.00521684488106582	8.96351494041281e-05	0.00075519148367636	0.000128926291466838	0.00390202273305645	0.0380997303460933	
4_Transposome/Sorghum_halepense-JG_CO_239_C	0.0014850820369157	0.0811558517761881	0.447205918029518	0.0141513498607431	0.00245383326931529	0.00377899643570694	5.05672754088097e-05	0.00521940195602166	5.13097325680818e-05	0.00122362898735833	0.000138200958609094	0.00454776103464826	0.0335121557077795	
4_Transposome/Sorghum_halepense-JG_CO_241_A	0.00105951253914239	0.0851605945584595	0.429141269684498	0.0108442337937103	0.00225263769401815	0.00365372231366625	4.62863667342336e-05	0.00488904713018329	0.000102504303487424	0.00122466611806148	0.000111829484034078	0.00375427603671299	0.0367956643514867	
4_Transposome/Sorghum_halepense-JG_CO_241_B	0.000925787120828848	0.0874449903138929	0.44072082290543	0.010771950463565	0.00214224367825673	0.00349040482965517	4.87436948266231e-05	0.00499419925567483	7.52445697202183e-05	0.000565731988461474	0.000143221934911764	0.00368555674985324	0.0382599300750129	
4_Transposome/Sorghum_halepense-JG_CO_241_C	0.00137733376590982	0.0866661421671737	0.431461678924572	0.0113490526593177	0.00228545096986175	0.00370187099308305	4.98369019322177e-05	0.00504670199104074	7.36427496958955e-05	0.000729113029226981	0.00011443849764306	0.0038537574558567	0.0373364937045254	
4_Transposome/Sorghum_halepense-JG_CO_241_E	0.00141255025636335	0.0886488018366827	0.43384347666609	0.0113026064417428	0.00215166676896333	0.00360806615088759	4.5642416400761e-05	0.00514863463009287	7.86986684200331e-05	0.000779732089895264	0.000139616123183886	0.00375672289092869	0.0354500556133574	
4_Transposome/Sorghum_halepense-JG_CO_241_F	0.000888266510035065	0.0893194344227947	0.436735130694942	0.0107911960575119	0.00214262002522539	0.00356269893448732	5.65311359828552e-05	0.00515952831819907	9.56288571737191e-05	0.000723206890122452	0.000135507742989224	0.00381675987967397	0.0381069696037584	
4_Transposome/Sorghum_halepense-JG_CO_242_A	0.0014305780206448	0.0879202881687868	0.431028057269528	0.0111239738366513	0.00220068028056255	0.00389030975247697	4.72449808901179e-05	0.00489950114618163	9.95791409321313e-05	0.000118731035508841	0.000126101970468934	0.00360299669957957	0.0351301030581006	
4_Transposome/Sorghum_halepense-JG_CO_242_C	0.000821779221353349	0.0896755710535705	0.436193566471979	0.0108360864208179	0.00230187795660522	0.00364218649649559	5.0639853767656e-05	0.0050203810141778	9.33965179876117e-05	0.000695444366070993	0.000131651104114271	0.00384160797012618	0.036265479785624	
4_Transposome/Sorghum_halepense-JG_CO_242_D	0.000899930149399355	0.0848872079533814	0.462337039728867	0.0152361384973129	0.00263169951054009	0.00401846636730096	3.9565143483594e-05	0.00571378256491161	6.72522348406843e-05	0.00107995592196935	0.000135255687049209	0.00448133758922642	0.0342944599429917	
4_Transposome/Sorghum_halepense-JG_CO_242_E	0.00071280748368519	0.0862163814220749	0.429422758778003	0.0109302611389944	0.00213807390665737	0.00352745368016993	5.50987093102683e-05	0.00507305176762508	7.31067479607163e-05	0.000921428234151169	0.00011834742784686	0.00372847226765778	0.0361558990275176	
4_Transposome/Sorghum_halepense-JG_CO_243_A	0.00108061604160624	0.0864559165380762	0.432207933568523	0.0105078276464297	0.00210909081524002	0.00327270733188289	5.0120942164372e-05	0.00484867229033292	6.33059154926353e-05	0.000942121571173547	0.000118282425483852	0.00354237105471875	0.0342828338603096	
4_Transposome/Sorghum_halepense-JG_CO_243_B	0.00145359143825133	0.0865554127768404	0.433861222598055	0.0102045427015172	0.00210720817249273	0.00341852498073421	4.15856310365215e-05	0.00485131809076768	8.65029968583306e-05	0.000751249382773229	0.000105798740786716	0.00346823130262333	0.0374173111870101	
4_Transposome/Sorghum_halepense-JG_CO_243_C	0.00116393614883571	0.0884498807506546	0.428544099806635	0.0108093584674164	0.00229188959521458	0.00350879805928476	5.16913313633924e-05	0.00490006931985521	8.22803730738022e-05	0.00057803015700068	0.000134698149041832	0.00372102249062204	0.0385409784264335	
4_Transposome/Sorghum_halepense-JG_CO_243_D	0.00116955119314897	0.0870661972381239	0.435252730945773	0.0109697346935756	0.00216746336542148	0.00368111979268	5.5835617017017e-05	0.00510705728384553	8.98996302073496e-05	0.00100245862164351	0.000139537287893854	0.00367566793687694	0.0365375001545336	
4_Transposome/Sorghum_halepense-JG_CO_243_E	0.00172900878940477	0.0872664736160166	0.431887591157347	0.0109657906642993	0.00207996609753687	0.00364939155977437	4.78240270661997e-05	0.00479181964780494	7.7233663899007e-05	0.00119279467601903	0.000135227991885098	0.00379552828025816	0.0389258892212108	
4_Transposome/Sorghum_halepense-JG_CO_243_F	0.00159581160666271	0.0864007468302135	0.435029835352375	0.0119386374457762	0.00224510342813107	0.00377995092128471	6.00730995172607e-05	0.00503115010403171	7.48664616605033e-05	0.00113997936916111	0.000131276356882021	0.00389743804259527	0.0378536803630373	
4_Transposome/Sorghum_halepense-JG_CO_244_A	0.00101629468834557	0.0887992867643636	0.492437279413111	0.0166523800020841	0.0026468568045885	0.00396956960349963	5.48750266615831e-05	0.0061528275194348	7.88765946807325e-05	0.00154787158666611	0.000152214373845489	0.00504070088117168	0.0329642862857161	
4_Transposome/Sorghum_halepense-JG_CO_244_B	0.000874987051598913	0.0810512242939142	0.428980547982595	0.0130103619746152	0.00223291568272215	0.00381685257799102	5.07800789135824e-05	0.00484420686257608	8.0642574035935e-05	0.00100538988028112	0.000135217757228784	0.00419273858237574	0.0316420881399724	
4_Transposome/Sorghum_halepense-JG_CO_244_C	0.00119585470801245	0.0853489938869031	0.424221114194044	0.0115331861724169	0.00227865947656028	0.00366365273898386	3.79602513457908e-05	0.00508134479273448	7.1499903317847e-05	0.00105470130371193	0.00013593150753192	0.00394823663434325	0.0358393644350808	
4_Transposome/Sorghum_halepense-JG_CO_245_A	0.00100282041235849	0.0870505996991929	0.429315895124964	0.0113747754036612	0.00235444063828485	0.00376516996799474	4.50021140053499e-05	0.00488996116566143	8.95635504023665e-05	0.000700558815134256	0.000140971778583383	0.00388834296496075	0.0370601634412181	
4_Transposome/Sorghum_halepense-JG_CO_245_B	0.00145075654495921	0.0839143258212642	0.416178117688163	0.0116471912605107	0.00226275998350536	0.00353794093757301	6.74963384100832e-05	0.00492376140157266	9.03382145860538e-05	0.00075533257126171	0.000127668374148327	0.00394291920706839	0.0349890298449815	
4_Transposome/Sorghum_halepense-JG_CO_245_E	0.0014586221484525	0.0829020935484515	0.436540689288619	0.0137695678977409	0.00266854965678779	0.00368186717916052	5.98086697430235e-05	0.0052683297342532	6.47015837924992e-05	0.000916929586022309	0.000141920299457282	0.00426541891086292	0.0371399981830436	
4_Transposome/Sorghum_halepense-JG_CO_246_A1	0.00118640431167803	0.0752560761848585	0.42512488219774	0.0149337753832936	0.00275452360489805	0.00373385346627658	6.55129350737064e-05	0.00532051924048145	8.30621284183049e-05	0.000788698074425673	0.000139662397559618	0.00482213420385314	0.036242055858485	
4_Transposome/Sorghum_halepense-JG_CO_246_B	0.00119231119404544	0.0740489785379541	0.425522545902375	0.015025971061851	0.00282194824703279	0.00348637648455067	5.18107840854602e-05	0.00540128154793218	7.409165248491e-05	0.000862627740618431	0.000123260009212566	0.00475603591652102	0.0368359769487047	
4_Transposome/Sorghum_halepense-JG_CO_246_C2	0.00111307348994287	0.0870255111592129	0.471475281650038	0.0145130649656656	0.00261121849207563	0.00394864869229355	6.16100855864339e-05	0.00564501594813546	8.00033336191354e-05	0.00106096244786821	0.000143521033652676	0.00465050477382541	0.0353344304508801	
