Species		-	Copia	Gypsy	Harbinger	Helitron	L1	MSAT	MuDR	RTE	SAT	SINE2/tRNA	hAT	unclassified
4_Transposome/Sorghum_halepense-JG_CO_102_F	0.000241625109040278	0.00163602889269771	0.00819073261819142	0.000627914535858438	0.000247839046621725	0.000339112343617913	3.04449872029451e-05	0.00043654719394628	3.83025711466156e-05	0.000173182261242944	6.45087851474757e-05	0.000339089111915102	0.00227906648485896	
4_Transposome/Sorghum_halepense-JG_CO_104_A	0.000192129859910116	0.00231417017265608	0.00603620934272618	0.000713979189276287	0.000245696544247681	0.000280802841210043	2.55424195675297e-05	0.000376069433033491	3.88822147937517e-05	4.88510266815653e-05	5.96120652547365e-05	0.000344562475949378	0.00193170316617487	
4_Transposome/Sorghum_halepense-JG_CO_104_B	0.000199790452297895	0.00385333135543953	0.0188743588035666	0.000690614726743329	0.000249781479564295	0.000432499813810432	3.22384313687036e-05	0.000446686549198896	4.20687545229558e-05	0.000150351303881115	4.45034715027045e-05	0.000278388299231772	0.00221004544292686	
4_Transposome/Sorghum_halepense-JG_CO_104_C	0.000254053322173315	0.0031902769168346	0.011951246929763	0.00067221266131018	0.000253143118776933	0.000372163757661376	2.27858178787182e-05	0.000404615808971433	4.36249047359028e-05	0.00017611575729186	5.04577183760539e-05	0.000354868183347181	0.00201154788871726	
4_Transposome/Sorghum_halepense-JG_CO_104_D	0.000173083086080779	0.00399882733701573	0.0193792306524107	0.000631279689287566	0.000277002971609781	0.000358289049203188	2.60490897786441e-05	0.000485785996345758	4.80535199632719e-05	0.000208103616756615	5.45907989426281e-05	0.000390198077108622	0.00263809429011006	
4_Transposome/Sorghum_halepense-JG_CO_104_E	0.000186026138326493	0.00365955594797252	0.0165900114220054	0.000744474108055514	0.000194973299366234	0.000363122404783441	2.80957706976225e-05	0.000432381360991339	4.3118399616113e-05	0.000243367846641801	5.41466027657409e-05	0.000353100535565312	0.0024180197465216	
4_Transposome/Sorghum_halepense-JG_CO_106_A	0.000166933040476342	0.00221328868552622	0.00647025175999772	0.0005614228892687	0.000219387451276518	0.000251131051811745	2.75100416225312e-05	0.000456133431690732	4.21190115714079e-05	0.000189238045130555	5.28323851839072e-05	0.000316948745585561	0.00201802108606439	
4_Transposome/Sorghum_halepense-JG_CO_106_B	0.00019932142419197	0.0019363402793527	0.00617021213665153	0.000703408193599268	0.000295190145349966	0.000426109921515991	2.54963567710447e-05	0.000404042086416832	3.67330543480506e-05	0.000246741802675671	5.65248691840925e-05	0.000322692658132059	0.002020224713576	
4_Transposome/Sorghum_halepense-JG_CO_106_D	0.000155958142915856	0.00214679425718686	0.00908293868879508	0.000616798955341061	0.000243789718124266	0.000292708904669274	2.54008177213067e-05	0.000396112741834267	4.77478276404886e-05	0.000206157014857383	5.35516433056793e-05	0.000382029657832503	0.00180415463274834	
4_Transposome/Sorghum_halepense-JG_CO_106_F	0.000191957194895453	0.00213226246093916	0.00791612305384067	0.000567102525214448	0.000265501159129698	0.000354658061164836	3.21307114060476e-05	0.00042623249388759	3.78780944554593e-05	0.000185150975822181	5.17160831227047e-05	0.000334515203727997	0.00171492458057428	
4_Transposome/Sorghum_halepense-JG_CO_107_A	0.000267755333142768	0.00149794569158319	0.00461628637830947	0.000815948487195321	0.000331151491381953	0.000320559716530488	2.51362598374601e-05	0.000448238460154508	5.22442662198021e-05	0.000248586795604342	6.31542647861624e-05	0.000474593554704357	0.002490195550632	
4_Transposome/Sorghum_halepense-JG_CO_107_B	0.000224342939755064	0.00334632187260445	0.0168122546992383	0.000744628093662033	0.000214227335929877	0.000399807056673287	2.05275355449688e-05	0.000397226486882374	3.89568245684521e-05	0.000168926998346289	5.27786396815513e-05	0.000383021499060018	0.00233956580619693	
4_Transposome/Sorghum_halepense-JG_CO_107_C	0.000172814897676782	0.00200165091231094	0.0062112419304338	0.00060906547310485	0.000232157798368703	0.000278410208908726	2.61174238496998e-05	0.000423604116892027	3.61259133120009e-05	0.000228801720552083	6.03587362970742e-05	0.000328317206285215	0.00190061795509576	
4_Transposome/Sorghum_halepense-JG_CO_107_D	0.00018030215384449	0.00190272114769303	0.00643228628743016	0.000528602607324933	0.000325651284385724	0.000250267813974738	2.65091173215047e-05	0.000408616861449382	3.83147247488388e-05	0.000162254113166899	4.75225420266219e-05	0.000370100241680757	0.00179734072954257	
4_Transposome/Sorghum_halepense-JG_CO_107_E	0.000161551469488294	0.00302610589554387	0.0116120999011304	0.000663218462963878	0.000257127236339248	0.000319300395639167	2.52509271743458e-05	0.000336801295475351	4.38815215022412e-05	0.000249278025507421	5.30804270255076e-05	0.000368342832292381	0.00188143527598811	
4_Transposome/Sorghum_halepense-JG_CO_108_B	0.000170188547036023	0.00454623641171312	0.0272118083087106	0.000714060471917993	0.000329728096181908	0.000436067240449854	2.88481479866765e-05	0.000550393785734156	3.1981686890866e-05	0.000199062352336758	5.25176064680204e-05	0.00043614818235552	0.00284134386716312	
4_Transposome/Sorghum_halepense-JG_CO_108_C	0.000191799284853284	0.00279461639638286	0.00710264038761251	0.00058560165741354	0.000259125337149281	0.000371846542874492	2.44520078971344e-05	0.000411099580872176	4.40285129697243e-05	0.000183294538309237	5.07301725215894e-05	0.000325321876998242	0.00188148060341257	
4_Transposome/Sorghum_halepense-JG_CO_108_D	0.000209734741324437	0.00236289714849217	0.00600189479903483	0.000516835562769533	0.000289063205304967	0.000345879757080454	3.19408448821617e-05	0.000472716385877832	3.76639241840142e-05	0.000195452586147307	5.80397362555322e-05	0.000318273444564093	0.00204128390038745	
4_Transposome/Sorghum_halepense-JG_CO_108_E	0.000143394682380927	0.00200011550603159	0.00658681750943825	0.000674806918926657	0.000275273139603268	0.000350767217469985	2.93206092608504e-05	0.00045978504182814	5.12395625910471e-05	0.000180291838846589	6.07409931186031e-05	0.000261715168357463	0.00169882338724981	
4_Transposome/Sorghum_halepense-JG_CO_108_F	0.000147701419935127	0.00222702814480936	0.00672967454188118	0.000478236264669481	0.00021123590818854	0.000318093681888141	3.01868113869749e-05	0.000384660415779197	4.24601626420878e-05	0.000168351534489334	4.73097065945824e-05	0.000362754595972316	0.00187418960860684	
4_Transposome/Sorghum_halepense-JG_CO_109_A	0.000238304595516754	0.00249160537925104	0.00918078432515686	0.000560828106921209	0.000228844739809823	0.000387966484981793	2.89692387225827e-05	0.000442611122585552	4.42489274042154e-05	0.000213301462670021	5.01366902752299e-05	0.000331625792228342	0.00227912079033059	
4_Transposome/Sorghum_halepense-JG_CO_109_B	0.000232467978124158	0.00294050965169307	0.00469444230083123	0.000546947663375313	0.000259977109520088	0.000295020231708025	2.83178866200746e-05	0.000416723977328823	4.53266176854354e-05	0.000106103070662142	6.20574192011332e-05	0.00040396377547986	0.00200254236815918	
4_Transposome/Sorghum_halepense-JG_CO_109_C	0.000221364380892303	0.00253372386954429	0.00765049502053747	0.000712108975362445	0.000271140861510718	0.000334212202309696	3.32613573069912e-05	0.00047019345646226	4.28681545540053e-05	0.000116029298888322	5.66073773504005e-05	0.000305615922392307	0.00209610392280891	
4_Transposome/Sorghum_halepense-JG_CO_109_D	0.00021117204537061	0.00238029815817715	0.00521710407473545	0.000689563780209947	0.000244840298023233	0.000362228264529251	2.56099754731889e-05	0.000442574828301029	4.02112870370421e-05	0.000139456788914629	4.64755394543869e-05	0.000354106835213757	0.00181364110744994	
4_Transposome/Sorghum_halepense-JG_CO_109_E	0.000250875065355944	0.00190066148160987	0.00666963292719721	0.000657203618474705	0.000287105897449272	0.00029889296983717	3.2614761198335e-05	0.000382612157888097	4.39867439352121e-05	0.000167845147021955	5.0688963266622e-05	0.000345501954803457	0.00199425603490449	
4_Transposome/Sorghum_halepense-JG_CO_110_A	0.000202302049044476	0.00142968075275278	0.00544217317250094	0.000753532833570275	0.000328712483393276	0.000345710285244058	3.01844234689451e-05	0.000509400776709458	3.76769196918291e-05	0.000261426156424779	7.58805415296663e-05	0.000474568280561872	0.00222988194480767	
4_Transposome/Sorghum_halepense-JG_CO_110_B	0.000212902771874272	0.00198391848960826	0.00538615695089484	0.000628293806465139	0.000303677615088328	0.00038881167785509	3.28821365673242e-05	0.000453447108687536	4.14736516485159e-05	0.000199178627991045	5.94993985112214e-05	0.000395836595148517	0.00210320157076783	
4_Transposome/Sorghum_halepense-JG_CO_110_C	0.000216324055547262	0.00341415607803532	0.0142571148676861	0.000703656474923841	0.000285094770381438	0.00044297464585357	3.4417273098829e-05	0.00054287607241615	4.98964679204553e-05	0.000181658832491357	7.60375537316762e-05	0.000552888861495676	0.00249504219697508	
4_Transposome/Sorghum_halepense-JG_CO_110_D	0.000286614406286646	0.00333019883571858	0.0161865268943955	0.000971448653677987	0.000285230874268315	0.000422324156509048	3.17759604208413e-05	0.00049344122981374	5.24831333409073e-05	0.000243174448610059	7.14183734292366e-05	0.000466847283686391	0.00258150174288071	
4_Transposome/Sorghum_halepense-JG_CO_110_E	0.000208773844308012	0.00215684424475985	0.0101339009501883	0.000680778924005186	0.000327157639533793	0.000391713631466221	2.72371234227751e-05	0.000571220957930096	4.73204021154811e-05	0.000176928884715177	6.13483021231614e-05	0.000497544678305099	0.00227077358823726	
4_Transposome/Sorghum_halepense-JG_CO_111_A	0.000171839218133493	0.00390186459184471	0.0188508721137679	0.000678633413450876	0.000264817833899433	0.000400789948317044	2.96083437222508e-05	0.000446629655875133	4.12256538722108e-05	0.000180143395751286	4.67097239571751e-05	0.000390384855954783	0.00228762768525223	
4_Transposome/Sorghum_halepense-JG_CO_111_B	0.000199648430839474	0.00229937736774087	0.00837582565296858	0.000632330192316271	0.000244081321376067	0.000356004000512297	3.42707624942509e-05	0.000402179570778448	5.13330508212786e-05	0.000124587187336532	4.06571212110512e-05	0.000362706433044408	0.00231259843453411	
4_Transposome/Sorghum_halepense-JG_CO_111_D	0.000145066006929359	0.00202404547106325	0.00778387996480337	0.000616410868969997	0.000250025983445352	0.000338016686550301	2.66057276779405e-05	0.000383958978033686	4.31939363182399e-05	0.000201475192367659	4.79091243373753e-05	0.0002650963721536	0.00170948468153022	
4_Transposome/Sorghum_halepense-JG_CO_111_E	0.00016361086216623	0.0022130531088532	0.00611447067976966	0.00055834611570335	0.000274177547636406	0.000285125876862743	2.76814781291241e-05	0.000396678458049396	5.4876962294463e-05	0.000116337181499812	5.7115977482272e-05	0.000323103756436516	0.00176740607260583	
4_Transposome/Sorghum_halepense-JG_CO_113_A	0.000167836769292045	0.00175974498732784	0.00448703983634673	0.000571320275673299	0.000294936140733985	0.000334851937054751	3.04967484304666e-05	0.000410675547375777	4.82253268385357e-05	0.000168839809791197	5.0449580287719e-05	0.000324452801757544	0.00209587231268903	
4_Transposome/Sorghum_halepense-JG_CO_113_B	0.000191015381897763	0.00311331982242545	0.0129385222325648	0.00069981492498087	0.00034574779106946	0.000405532635176029	2.58799027220225e-05	0.000478792421658739	3.96648068829878e-05	0.000170578151985415	4.91256935975776e-05	0.000413658648173131	0.00244307560901029	
4_Transposome/Sorghum_halepense-JG_CO_113_C	0.000208261170520255	0.0055534308770374	0.0270765128272216	0.0014897098029548	0.000260621090663506	0.000424554003324711	2.88099082152405e-05	0.000666482319479279	4.06272981684564e-05	0.000188798822563428	5.6191763716826e-05	0.000435144335462202	0.00318450830104322	
4_Transposome/Sorghum_halepense-JG_CO_113_D	0.000193187359968889	0.00186595082009295	0.00420944234383456	0.000790089386983804	0.000259650494224956	0.000384654185123566	2.41834078851781e-05	0.000381888420549263	4.21087787349589e-05	0.000209581762804453	5.44825343181187e-05	0.000385975822505546	0.00201615144956572	
4_Transposome/Sorghum_halepense-JG_CO_113_E	0.000260785203168049	0.00281467007970669	0.00874932600731758	0.000619763800291161	0.000204436701478622	0.000372168864061609	3.0538958358083e-05	0.000386404461030908	3.3485308289901e-05	0.00016188427318889	5.44843352928103e-05	0.000345495272516195	0.001761931057722	
4_Transposome/Sorghum_halepense-JG_CO_118_B	0.000199920751710747	0.00232837080874494	0.00680458015948328	0.000462021311257563	0.000269667015668855	0.000350809341247601	2.68272697937593e-05	0.000464499530323867	4.94663892981792e-05	0.000142515770713462	5.186788445392e-05	0.00034420118704279	0.00187996816776513	
4_Transposome/Sorghum_halepense-JG_CO_118_C	0.000182957403958871	0.00167473342562867	0.00688338194121464	0.000543594118844319	0.00026602861108523	0.000319470179014028	2.45401866938762e-05	0.000469991469829482	4.15916106683945e-05	0.000153028186401134	5.38171717951187e-05	0.000309573948527231	0.00187644132483284	
4_Transposome/Sorghum_halepense-JG_CO_118_D	0.000198987157621454	0.00351413216154485	0.0158756274778714	0.000583918866948162	0.000258611433638802	0.00038815103845418	2.26653625935057e-05	0.000512234406545637	4.00883450674276e-05	0.000224670347365766	5.37223535074568e-05	0.000405258168767438	0.00253770290006817	
4_Transposome/Sorghum_halepense-JG_CO_118_E	0.000145513531095935	0.00189565629346006	0.00468620527340209	0.000598017576915476	0.000264036668214796	0.000292916892390365	3.05887174936427e-05	0.000270260005219143	4.30519270827606e-05	0.000161462628321572	5.2321146219787e-05	0.000301929221266231	0.00198169633132687	
4_Transposome/Sorghum_halepense-JG_CO_120_A	0.000177089839797686	0.00207815735634574	0.00663647961394658	0.000608942178271359	0.000247168940984391	0.000314935756221855	2.34560939487363e-05	0.000299375469981643	4.51039338052807e-05	0.000137309932576585	5.65790881762028e-05	0.000328079665428051	0.00203640947836086	
4_Transposome/Sorghum_halepense-JG_CO_120_B	0.000245444884862322	0.00191144501394985	0.00600965591675308	0.00056634124585712	0.000242455241289161	0.00037561520958445	2.17160610606586e-05	0.000475722158299946	4.07961332051375e-05	0.000148099672177788	4.96241855876506e-05	0.00027640047685949	0.0025047219242201	
4_Transposome/Sorghum_halepense-JG_CO_120_C	0.000269855517734283	0.00237266162204034	0.00703278608244062	0.000773984755994887	0.000405186714024153	0.000391880507231793	2.98815710829992e-05	0.00043737361584378	5.4427369513815e-05	0.000167545792784487	6.68879916265363e-05	0.000406446176875276	0.00212846910559268	
4_Transposome/Sorghum_halepense-JG_CO_120_D	0.000257001191697646	0.00401217836939522	0.0189064181948458	0.000650698192056848	0.000331666886112556	0.000334282392048884	2.75025094956553e-05	0.000616408953071495	3.61877394820984e-05	0.000136794874278633	5.25313262045585e-05	0.000311703564157078	0.00294311066179809	
4_Transposome/Sorghum_halepense-JG_CO_120_E	0.000162817049966252	0.00231814805003518	0.00631531210109235	0.000563926012772571	0.000274082831827894	0.00028107185750423	2.91711963156794e-05	0.00040368696231259	4.8789803307806e-05	0.000136711982229346	5.62012718909322e-05	0.000350571994358826	0.00233758559052813	
4_Transposome/Sorghum_halepense-JG_CO_122_A	0.000248099694883893	0.00469842598246647	0.0168520289067701	0.00071762495600805	0.00031901412257057	0.000372986522521955	3.10022814557515e-05	0.00046142899367868	4.04530798812701e-05	0.000289604229160096	5.183893854176e-05	0.000322463129109867	0.00293358840753544	
4_Transposome/Sorghum_halepense-JG_CO_122_B	0.000183234071761604	0.00187290394687416	0.00471662828876181	0.000524095618166088	0.000282863175881879	0.000296361524033147	3.06100593006735e-05	0.000395302223268399	3.70669564889084e-05	0.000145771143926423	5.17697461685455e-05	0.000311629122501679	0.00185252240946496	
4_Transposome/Sorghum_halepense-JG_CO_122_C	0.000226091394384587	0.00206631814648373	0.00854842159923126	0.000502381518081377	0.00026326512193999	0.000310181563622344	2.63349731811265e-05	0.000314643527293496	3.94144877639463e-05	0.00017553751977422	4.44699640114151e-05	0.000376352786636298	0.00265116541178646	
4_Transposome/Sorghum_halepense-JG_CO_122_D	0.000209487108889443	0.00202796576513782	0.0050875931943654	0.000536091278650103	0.000277536641069216	0.000349287466761026	3.27456331738943e-05	0.000338838847106072	4.2249289048441e-05	0.000168611738118504	5.65186632650829e-05	0.000321050719776716	0.00215352386600665	
4_Transposome/Sorghum_halepense-JG_CO_122_E	0.000193870031175914	0.00234921288895517	0.00504245386129295	0.000502366935496632	0.000196414699052184	0.000297194507207428	3.6201145941006e-05	0.000439293861524402	3.72326484587793e-05	0.000134800227953168	5.7846342182912e-05	0.000330590975356179	0.00194586072009611	
4_Transposome/Sorghum_halepense-JG_CO_124_A	0.000169573576652867	0.0025061234845171	0.00796184493494838	0.000455656810649534	0.000281879788899109	0.000351044587880863	2.5932670263423e-05	0.000459874438549997	4.01873856690554e-05	0.000131333040701321	4.57859106988209e-05	0.000325148499640293	0.00208512635288028	
4_Transposome/Sorghum_halepense-JG_CO_124_B	0.000169989743891056	0.00214597874041235	0.00665844466903817	0.000654951985539204	0.00023259979513207	0.000297364758716954	2.57006816547044e-05	0.000390852789764613	4.14840484344453e-05	0.000135403540472273	6.42284873686893e-05	0.000394655165180581	0.00217762557985813	
4_Transposome/Sorghum_halepense-JG_CO_124_C	0.00013743445251731	0.00208208962631073	0.00488446565676945	0.000505347640285839	0.000299348448961905	0.000386975128142716	3.59058843646504e-05	0.000433191170168185	3.89916754275877e-05	0.000165331977665095	5.59893953479356e-05	0.000350658214473356	0.00239164509772536	
4_Transposome/Sorghum_halepense-JG_CO_124_D	0.000171114306421649	0.0025823259383027	0.0113502811003929	0.000601468160910301	0.000286474662982622	0.000421102514196842	2.46595492735735e-05	0.00053855932125566	3.83286906650442e-05	0.00015557718148581	4.38584341413789e-05	0.000383785500612298	0.00279230642632237	
4_Transposome/Sorghum_halepense-JG_CO_124_E	0.00022426651955267	0.0016602661543548	0.0065246640506723	0.000598167748602271	0.000281013982973551	0.00026375500483129	3.67186719435126e-05	0.00032721265988574	4.07981621773783e-05	0.000130632292514572	5.41833285525039e-05	0.00034701704782507	0.00182088189006291	
4_Transposome/Sorghum_halepense-JG_CO_125_A	0.000181349059188649	0.00498245612850177	0.0202109823632334	0.000810994106025495	0.000339603879644968	0.00040356174727939	2.4535324237418e-05	0.00036921483396158	3.19544835339309e-05	0.000220911848591863	4.72952847658197e-05	0.000376173479146955	0.00320812546958767	
4_Transposome/Sorghum_halepense-JG_CO_125_B	0.000182373631564234	0.00175465391174885	0.00476251933376559	0.000586648517136375	0.000223432676886503	0.000283574923938418	2.44700990452239e-05	0.000446579873706122	3.81412891912058e-05	0.000203903636231148	6.69602103812446e-05	0.000318512964557789	0.00238711957081288	
4_Transposome/Sorghum_halepense-JG_CO_125_C	0.000225387419514815	0.00207235354678473	0.0065592290638389	0.000512351426973523	0.000224023261363626	0.00030173224656966	2.96052011293611e-05	0.000404050588739325	4.20323105322097e-05	0.000121268867608517	5.36027599479086e-05	0.000343273086918749	0.00260028100904283	
4_Transposome/Sorghum_halepense-JG_CO_125_D	0.000200515018940297	0.00285073689322267	0.00880476997264312	0.000605199399484508	0.000285733979133519	0.000332826098080657	2.56422638912506e-05	0.000412896540899462	4.59123497643294e-05	0.000154862444093317	5.45020003975192e-05	0.000336894851488637	0.00241554898991872	
4_Transposome/Sorghum_halepense-JG_CO_126_A	0.000209544064458361	0.00222443243932457	0.00692185736025889	0.000770323027152884	0.000252821961799791	0.000413437266840298	2.81768193900774e-05	0.000352914702925234	3.64994839378183e-05	0.000161541387434002	4.75682483750115e-05	0.000261370913358951	0.0024938909111516	
4_Transposome/Sorghum_halepense-JG_CO_126_B	0.000188533093901091	0.0015457619616353	0.00607212077322889	0.000578613760797672	0.000257629519083965	0.000342287448310244	2.76238948865507e-05	0.000405096847871464	4.55497467468897e-05	0.000136983107529757	5.49179746303181e-05	0.000338067606236756	0.00225309817355399	
4_Transposome/Sorghum_halepense-JG_CO_126_D	0.00028274981696341	0.00325455888922907	0.0145916009432308	0.00101794420131267	0.000359387834069923	0.000497255045164052	2.80825295447293e-05	0.000424447861417182	4.5328270919606e-05	0.000146137067113939	6.95073404457701e-05	0.0004217718625573	0.00244523758910386	
4_Transposome/Sorghum_halepense-JG_CO_128_A	0.0002002285047431	0.00183122973372108	0.00496557586065597	0.000908990903932389	0.000322306170485095	0.000350765806565283	2.19885227318889e-05	0.000433199069452694	4.42929907285128e-05	0.00020832008848338	7.39012458898155e-05	0.000480704484414737	0.00246877158414399	
4_Transposome/Sorghum_halepense-JG_CO_128_B	0.00023618066468522	0.00322176116959175	0.0163894543623279	0.000642365026055721	0.000315970769633839	0.000448877890906387	2.76108889830083e-05	0.00040828840037696	5.01598363313768e-05	0.000230654604071579	7.02705015090981e-05	0.000515636600049569	0.00252316321714321	
4_Transposome/Sorghum_halepense-JG_CO_128_C	0.000175311866075481	0.00239923524917018	0.013641851275493	0.000703694211236351	0.000326343406307589	0.000464509684432827	2.69340439611926e-05	0.000383478162559887	4.30161285818363e-05	0.000191612105393128	5.3366207473524e-05	0.000332698997079277	0.00231021559219304	
4_Transposome/Sorghum_halepense-JG_CO_128_D	0.000243302534329477	0.00200117117363759	0.0069502817278021	0.000792960363516088	0.000346967973640902	0.000404054038092828	2.40221913968874e-05	0.000480560615169598	5.13481552215005e-05	0.000206724223851485	6.9201628277434e-05	0.00052182006152698	0.0025423831038941	
4_Transposome/Sorghum_halepense-JG_CO_128_E	0.000209620346184902	0.00204478021280596	0.00527348816369455	0.000731124672411189	0.000324385599841869	0.000420773433101347	3.08162292419869e-05	0.000502943285134735	4.492611391207e-05	0.000211642945346242	6.56376273081408e-05	0.000490313317143081	0.00249837180837771	
4_Transposome/Sorghum_halepense-JG_CO_131_A	0.000187619718266244	0.00278143456625866	0.0108889642982949	0.000678579217832103	0.000288875983538876	0.00038314891777817	2.71509139693108e-05	0.00040292650522011	4.60706574036462e-05	0.000179427915557048	5.90969930361616e-05	0.000388189814824732	0.00200130708886953	
4_Transposome/Sorghum_halepense-JG_CO_131_B	0.000264495326506528	0.00191806351510306	0.00579325572779754	0.000831169301219028	0.000337989492773878	0.000333224460259626	3.22597160513824e-05	0.000451589552980237	5.46268353477868e-05	0.000229547920445442	6.89863111244302e-05	0.000448664652625426	0.00238012044976185	
4_Transposome/Sorghum_halepense-JG_CO_131_C	0.000225863322900878	0.00267854411494819	0.0128265179931797	0.000924481344553059	0.000249315782482128	0.000350858196691644	2.14115316753671e-05	0.000409719947023001	5.25411101943317e-05	0.000183513669316337	6.59618971476916e-05	0.00039259932985121	0.00245892039245758	
4_Transposome/Sorghum_halepense-JG_CO_131_D	0.000176139998085452	0.00524261027996956	0.0260985854348342	0.000994260938092706	0.00030110823292535	0.000384127193225871	3.13509921162327e-05	0.00049315625714275	5.21593720166814e-05	0.000134032205335322	5.38653662955308e-05	0.000456384261177743	0.00338531752412137	
4_Transposome/Sorghum_halepense-JG_CO_131_E	0.000194434685835514	0.0050322466110581	0.0202899491143495	0.000981423712874189	0.000284094876336651	0.00047069156130145	2.68264369810465e-05	0.000496375487084234	7.01261824610789e-05	0.000236695750451604	8.92224770333412e-05	0.000416826800264201	0.00267352592514041	
4_Transposome/Sorghum_halepense-JG_CO_132_C	0.000223081557004638	0.00188909198691342	0.00705830482513724	0.000728640053209443	0.000282834391758729	0.000379366667831687	4.00013287476873e-05	0.000432598878124196	4.20828765632078e-05	0.000229485399443742	6.56374969924496e-05	0.000483703833180843	0.00198978018605722	
4_Transposome/Sorghum_halepense-JG_CO_132_D	0.000235035748639353	0.00257903625791316	0.0113470756849019	0.000771726961935739	0.000368163344550026	0.000460712142653187	3.38695260751568e-05	0.000470342747927433	4.34659983732069e-05	0.000132495156473574	7.16822085449474e-05	0.000438899800071158	0.0022594085882142	
4_Transposome/Sorghum_halepense-JG_CO_132_E	0.000194478225266286	0.00206041309517112	0.00593702461012768	0.000775032352974121	0.000306856627658695	0.000381682212843866	4.45670368024138e-05	0.000477651994519638	3.59647194783841e-05	0.000143469466090282	6.17010067245581e-05	0.000375779355482673	0.00215676732730896	
4_Transposome/Sorghum_halepense-JG_CO_132_F	0.00016642681063175	0.00222987168788412	0.00736049565297255	0.000847583116304664	0.00027116830559507	0.000400441296758233	2.99777064594457e-05	0.00041891102281095	3.89263168161795e-05	0.000213546188505356	6.55118070218605e-05	0.000442689590660652	0.0022120199987367	
4_Transposome/Sorghum_halepense-JG_CO_132_G	0.000261181297031541	0.00313984204339593	0.0162864688456902	0.000982678553202288	0.000304264839858551	0.000445888672667322	3.47375644967171e-05	0.000607720627536396	4.63620419328787e-05	0.000278441236241345	7.21396945283295e-05	0.000549435939249439	0.00270789963713375	
4_Transposome/Sorghum_halepense-JG_CO_132_H	0.000292464986400078	0.00403603540889337	0.020248577291199	0.000906040372705456	0.000381424101913687	0.000418829503266952	3.05294224661804e-05	0.000678613886521834	4.26455535706164e-05	0.000209677065293533	6.2023211540651e-05	0.000652242552697354	0.00311214195928785	
4_Transposome/Sorghum_halepense-JG_CO_132_I	0.000242539202592524	0.00278061993168288	0.0083076756628199	0.000929898375549624	0.000350057030856273	0.000372186402745251	4.11787195895752e-05	0.000500648137223848	4.60631832064466e-05	0.000178906837174813	6.14575331413464e-05	0.000459227537276411	0.00229578461170331	
4_Transposome/Sorghum_halepense-JG_CO_132_J	0.000231385953570344	0.00222511726384664	0.00798374983833009	0.000724039226982831	0.000268721911949429	0.000350929489800175	3.59627949699678e-05	0.000442212175087614	3.90982121650264e-05	0.00021462492589794	6.26462007127534e-05	0.000430758472449185	0.00217808386332442	
4_Transposome/Sorghum_halepense-JG_CO_150_C	0.000185041387939917	0.00291005306631474	0.0112984658257179	0.000602306971103239	0.000252088806548911	0.000320700251577023	3.35399979672331e-05	0.000434041977316423	3.88210341190338e-05	0.000174294028453215	6.30638518370079e-05	0.00033962288448169	0.00224413073254541	
4_Transposome/Sorghum_halepense-JG_CO_150_D	0.000174733774674895	0.00175575482032618	0.00635392590798756	0.000525638152245088	0.000229448504544287	0.000281944344990307	2.49142470041797e-05	0.000361696430767931	3.56209242852636e-05	0.000159318511423551	5.6696941111485e-05	0.00036415485754682	0.00212178640225286	
4_Transposome/Sorghum_halepense-JG_CO_150_E	0.000222064451642485	0.00183082697593882	0.00596305381666448	0.000589493846182942	0.000317845966626584	0.000374750943602319	2.63071948642871e-05	0.000379717384549518	4.01657600108346e-05	0.000157074771694863	7.17582068168537e-05	0.000402389238457371	0.00206230228050281	
4_Transposome/Sorghum_halepense-JG_CO_150_H	0.000241588982735803	0.00163925937927043	0.00547667695667287	0.000603308269404992	0.000246852848768236	0.000288898937737195	3.35632135521454e-05	0.000434611309519441	4.52630928879097e-05	0.00015724892281821	5.12500547200865e-05	0.00041788781202611	0.00180404376636019	
4_Transposome/Sorghum_halepense-JG_CO_150_I	0.000192072897999973	0.0021438207396558	0.00565571828947183	0.000587720166802211	0.000276144487071403	0.000384095491419738	3.66872896759889e-05	0.000372463561103133	4.8822822738346e-05	0.000106248326579931	6.47877150191919e-05	0.000311008798712357	0.00197151798469678	
4_Transposome/Sorghum_halepense-JG_CO_188_B	0.000214736946815488	0.00231042879300322	0.00687009630288937	0.000956864889108243	0.000373621274191001	0.000364640380810473	2.71343469021207e-05	0.00050863816158254	4.93434946744391e-05	0.000144849620171923	7.57830899902162e-05	0.000461379795310995	0.00222942680605062	
4_Transposome/Sorghum_halepense-JG_CO_188_C	0.000235000808307496	0.00138693824639184	0.00555862702678329	0.000699244810697672	0.000257597859870371	0.000302582342495811	3.41901349806816e-05	0.000508743778540154	4.81032054684847e-05	0.000164929945299892	5.80315757197977e-05	0.000374810040826557	0.00243035502686487	
4_Transposome/Sorghum_halepense-JG_CO_188_D	0.000181201231467688	0.00238207954213848	0.00951417054589029	0.000878396569181876	0.000275338561532083	0.000394185804221177	2.62666806266615e-05	0.000459596883187747	4.37300055714049e-05	0.000212354211309415	7.16899733722081e-05	0.000481526507179651	0.00223471383557478	
4_Transposome/Sorghum_halepense-JG_CO_194_A	0.000213031915845681	0.00395074476505563	0.0197572231169785	0.00121890579200965	0.000266485635038421	0.000324294211691959	2.5296839965892e-05	0.000554189598692295	4.20155534613441e-05	0.000191308510181028	4.98788973095543e-05	0.000403981067502874	0.00270987073455775	
4_Transposome/Sorghum_halepense-JG_CO_194_B	0.000245528721870838	0.00311118773775411	0.0181378813134612	0.001010392022553	0.000257659170906221	0.000418294900711617	3.1571538220747e-05	0.000444684807082212	4.99750681001297e-05	0.000192851589487375	5.05260260669718e-05	0.000381781961817715	0.00263309819731273	
4_Transposome/Sorghum_halepense-JG_CO_194_C	0.000228486253968875	0.00191618278861454	0.00864348352846802	0.000646767433839366	0.00024221804602426	0.000385363634165583	1.85667205184666e-05	0.000417324370752285	4.26268293205678e-05	0.000145102193895732	6.02045248841849e-05	0.000347919918169201	0.00215642878769993	
4_Transposome/Sorghum_halepense-JG_CO_194_F	0.000173655920799754	0.00186228648521307	0.0056842587669396	0.00054278308420233	0.00025225414542022	0.000268698614021105	2.66884274192361e-05	0.000422961851957336	4.56841038706216e-05	0.000169005343957309	5.72356139812011e-05	0.000366767393311539	0.00207171436601226	
4_Transposome/Sorghum_halepense-JG_CO_194_G	0.000256713940770439	0.00193950129339256	0.00610695974762068	0.000734114601147581	0.000338164540576477	0.000417946766588538	2.62761943317173e-05	0.000535264612298508	4.49807351092788e-05	0.000208582215895055	7.48838709610078e-05	0.00041834582186896	0.00253722915490961	
4_Transposome/Sorghum_halepense-JG_CO_194_I	0.000209391246751292	0.00182855426979777	0.0054524993170547	0.000800093153892246	0.000315402197453347	0.000406275682207258	2.82467318542201e-05	0.000422347374174465	5.05251883634145e-05	0.000213848074195767	6.70729127632441e-05	0.000428206115036541	0.00241084649138769	
4_Transposome/Sorghum_halepense-JG_CO_197_A	0.000260894257406488	0.00250229622614347	0.00742100890935109	0.000916827861745613	0.000358320232399828	0.000393108666759444	3.59592525225334e-05	0.000521626922537276	4.68612600395497e-05	0.000417398547526934	8.24867297191771e-05	0.00049476207634047	0.0027404460197404	
4_Transposome/Sorghum_halepense-JG_CO_197_B	0.00021249531879359	0.0023521406749854	0.00710626514056702	0.000712222481115242	0.000311422585730255	0.000364053906182985	3.65509954299458e-05	0.000466870312260315	3.639624610068e-05	0.00019379937385241	6.10300842414447e-05	0.000388684338396663	0.0023354028562914	
4_Transposome/Sorghum_halepense-JG_CO_197_C	0.00020871351116365	0.00235634348778031	0.00732002934796334	0.000837213329480867	0.000304213873642541	0.00032659791721656	3.22418681803494e-05	0.000488473830053085	5.24738292579704e-05	0.000232170840120348	7.22571010906545e-05	0.000491590279051747	0.0024238083665896	
4_Transposome/Sorghum_halepense-JG_CO_197_D	0.000191401631998452	0.00197013647104475	0.00716027225678586	0.000855673281627698	0.000330205066099445	0.000323345591273649	2.95097396431816e-05	0.000358212557841513	5.38157642826028e-05	0.000211956867237938	6.77487011418312e-05	0.000409472875253926	0.00234551109819956	
4_Transposome/Sorghum_halepense-JG_CO_197_E	0.000202002761910764	0.00244404452402943	0.00585181064474728	0.000624901074725265	0.000247809359410503	0.00040459312164504	3.89535535332767e-05	0.000455871801916342	3.72547316262067e-05	0.000212947313590597	6.15807886433938e-05	0.000370194303454651	0.00229767606782832	
4_Transposome/Sorghum_halepense-JG_CO_197_F	0.000235812280179281	0.00228712997103971	0.00692652004323884	0.00072007144380861	0.000275443804728931	0.000382135013030305	2.64545425670682e-05	0.000486436457134476	4.90953915870928e-05	0.000219079620531406	7.14581585748545e-05	0.000408925334090068	0.00227623968030272	
4_Transposome/Sorghum_halepense-JG_CO_197_G	0.000203913290056187	0.00218818535988688	0.00808501780076902	0.000667985806285754	0.000330255077442627	0.000321509011946061	3.07606905786151e-05	0.000398080046151575	4.47285361922145e-05	0.000204791550685322	6.11739732253149e-05	0.00044735634272691	0.0027780727338994	
4_Transposome/Sorghum_halepense-JG_CO_197_H	0.000189640429334182	0.00164212167949036	0.00585374478514579	0.000700616170669074	0.000220813194377894	0.000343455121595678	3.55132823566738e-05	0.000437425794329577	3.54774070029652e-05	0.000164846917348057	6.92590737674472e-05	0.000430833574508728	0.00215707736457248	
4_Transposome/Sorghum_halepense-JG_CO_197_I	0.000211408015457	0.00176561941588791	0.00666323251124996	0.000651824105423201	0.000270763474063264	0.000351246514741105	3.05446296324846e-05	0.000386220649802021	4.65761989073944e-05	0.000259264843790235	6.95663775773463e-05	0.000343507366060286	0.00242047258021508	
4_Transposome/Sorghum_halepense-JG_CO_199_A	0.000257701499907184	0.00178378727710843	0.00562837203797557	0.000818174845244129	0.000295407588331266	0.000457811882460442	3.40879583606528e-05	0.000564826720245416	5.30914763585837e-05	0.00019481156622154	6.0924279471411e-05	0.000492253457586895	0.00239081728149023	
4_Transposome/Sorghum_halepense-JG_CO_199_B	0.000196319201969683	0.00199827006312067	0.00859581069987137	0.000812893898282611	0.000309275525374087	0.000469214158149851	2.88102467730378e-05	0.000389250879369713	4.99687518960827e-05	0.000263847165934529	7.27804037229433e-05	0.0004493212683377	0.00238630617545794	
4_Transposome/Sorghum_halepense-JG_CO_199_C	0.000393706383654334	0.00268212659323996	0.00441576980998174	0.00157275140080086	0.000526933391350184	0.00044429541000199	3.78509249649221e-05	0.000665289229258037	5.12231139350851e-05	0.000408764755125371	6.92120351971944e-05	0.000703264345702203	0.00306218032516264	
4_Transposome/Sorghum_halepense-JG_CO_199_D	0.000250357824747296	0.00319991222295514	0.018285969558092	0.000771079227475391	0.0003095979351266	0.000548780068585913	3.27210141115278e-05	0.000387924996449457	5.04635151036831e-05	0.000171692515950879	7.19011178568872e-05	0.00049073504457132	0.00263884875817281	
4_Transposome/Sorghum_halepense-JG_CO_199_E	0.000263290324056048	0.00350138433023909	0.0141961695284498	0.000806815820067708	0.000362496429421785	0.000498234903060414	3.09303102449198e-05	0.000587907027951836	6.33814719451694e-05	0.000187791900496747	6.13042485325042e-05	0.000412130226326285	0.00241041967722624	
4_Transposome/Sorghum_halepense-JG_CO_204_A	0.000229943179110539	0.00211474208769359	0.00546070016184722	0.000663499277832244	0.000324406286089455	0.000421061485034909	2.60346450711128e-05	0.000475815404273843	5.1962643500543e-05	0.000237515758673586	6.84675391343811e-05	0.000539512524464113	0.00241835511882322	
4_Transposome/Sorghum_halepense-JG_CO_204_B	0.000223745930345934	0.00251960536736817	0.00817752930422637	0.000946572837935527	0.000295572214134452	0.000404590717159031	3.26917274100808e-05	0.000474147582733422	5.15088654292967e-05	0.0002526445102805	6.71231202928901e-05	0.000466887637208239	0.00259642333543752	
4_Transposome/Sorghum_halepense-JG_CO_204_C	0.000225922958598486	0.00182873951810315	0.00506875547892403	0.000656015916730195	0.000222975516431029	0.000367971008700891	3.21699201976203e-05	0.000344194880893276	3.90532936874378e-05	0.000167195000801729	6.88415704251492e-05	0.000401620395454254	0.00194583232754982	
4_Transposome/Sorghum_halepense-JG_CO_204_D	0.000234575770003698	0.00186270686757457	0.00719274171858481	0.000940798881591123	0.000313427805629389	0.000326897019630303	3.02222363905537e-05	0.000487439611339517	4.22038322624e-05	0.000233106515174283	6.32219169528923e-05	0.000414041516650976	0.00232520153529404	
4_Transposome/Sorghum_halepense-JG_CO_206_A	0.000179413919565335	0.00169324467373089	0.00389640500075665	0.000570424036442123	0.000259723063076062	0.000298895412579861	2.70218966157911e-05	0.00040242008867418	5.39771590364156e-05	0.000185550098190354	7.09896163596182e-05	0.000350705787229027	0.00190104889526363	
4_Transposome/Sorghum_halepense-JG_CO_206_B	0.000242431974817956	0.00228467636953455	0.00503257618884105	0.000831105077257428	0.00034281795537825	0.000469889875974977	2.81197125530224e-05	0.000482500722079331	5.06434615688686e-05	0.000231468726157038	7.04812901229363e-05	0.000366238966559681	0.002387845357055	
4_Transposome/Sorghum_halepense-JG_CO_206_C	0.000265589131683214	0.00179626594444945	0.00568890979086293	0.000798962448030675	0.000339199164063859	0.000426202658882935	2.58863155853735e-05	0.000580329448047314	4.724393308797e-05	0.000280849419993896	7.24041822738544e-05	0.000389428352434742	0.00252257491664832	
4_Transposome/Sorghum_halepense-JG_CO_206_D	0.00021401428258199	0.00159719089615069	0.0062096464899274	0.000589832535387361	0.000260139479018699	0.000355064487148466	2.9554909941914e-05	0.000455984871073878	4.58679871083214e-05	0.000204360409250786	6.26665971439388e-05	0.000396960628504079	0.00232653591435832	
4_Transposome/Sorghum_halepense-JG_CO_206_E	0.000180909450921325	0.00183949491549169	0.00587603010021556	0.000839904951713897	0.000309835816771714	0.000422922644274709	3.32521055716588e-05	0.000496970722340565	3.50152039626811e-05	0.000245966841093318	8.51859123000525e-05	0.000513264198181319	0.00265952629333827	
4_Transposome/Sorghum_halepense-JG_CO_207_A	0.000255560979570559	0.00239343304322997	0.00545390707067922	0.00105961165036845	0.000393095922403945	0.000450767211565884	2.21749231702709e-05	0.000504020621929655	5.6608488904912e-05	0.000297547909654639	7.43292425750665e-05	0.000595931993902783	0.00252467255914163	
4_Transposome/Sorghum_halepense-JG_CO_207_B	0.000310893302369654	0.00278855805414076	0.00828001068887687	0.0011058641256828	0.000383410343845176	0.000526538946177797	2.88479440407483e-05	0.000662747398106533	5.55573988239542e-05	0.000231021468677349	8.44563641797221e-05	0.000499292114680512	0.00266832042799847	
4_Transposome/Sorghum_halepense-JG_CO_207_C	0.000282686415403827	0.0036952029696997	0.00773558299246734	0.00120946985321794	0.000434332146766087	0.0004266434496143	2.32188669022153e-05	0.000617489436939834	6.59709055622801e-05	0.000554878671175134	7.29907206583534e-05	0.00069061245961257	0.00260095628947225	
4_Transposome/Sorghum_halepense-JG_CO_207_D	0.000343514846720461	0.00521467666539148	0.0090634598008083	0.00119476433989612	0.000448494416412406	0.000552997052553404	2.79585804757207e-05	0.00109449148245905	8.78499742573088e-05	0.000380353949749758	1.85202635493422e-05	0.000431397778798678	0.00273656600431951	
4_Transposome/Sorghum_halepense-JG_CO_207_E	0.000353023233788093	0.00314556373740037	0.00461337945167084	0.00113304171747643	0.000404137295465733	0.000458359232235247	2.37501022056065e-05	0.000528725667053078	5.34773385589267e-05	0.000522589689430582	8.92033669393528e-05	0.000598579519750434	0.00267438126326573	
4_Transposome/Sorghum_halepense-JG_CO_215_A	0.000221670113621005	0.00343826004898441	0.0228424697121784	0.0009372117275849	0.000287251703169042	0.000412826853433238	2.69252041628746e-05	0.000393385614679108	4.21649209911536e-05	0.00014061614917802	5.8633847511871e-05	0.000366355323871458	0.00279137300627261	
4_Transposome/Sorghum_halepense-JG_CO_215_B	0.000179809981036939	0.00231576324851804	0.00967224473793693	0.000551792297391944	0.000274852052893147	0.000355880737420844	2.11571661802901e-05	0.000549318629656378	4.58381626055314e-05	0.000203919200826573	5.98903965020377e-05	0.000320155075566376	0.00221724298257154	
4_Transposome/Sorghum_halepense-JG_CO_215_C	0.000192251745808409	0.00165934708929633	0.00437703712625151	0.000554275750823947	0.000298297465623649	0.000312640846533915	2.03344851591303e-05	0.000420037352169756	4.52360297073491e-05	0.00016475800667189	5.66830692508232e-05	0.000411544376683577	0.00182036712031292	
4_Transposome/Sorghum_halepense-JG_CO_215_D	0.000170731339867721	0.00200164084562517	0.0066631172009216	0.000668485700165877	0.000285503832217824	0.000365779519762775	2.72314659655111e-05	0.000400924987215712	4.18226800981774e-05	0.000181544920945442	7.71350590146319e-05	0.000355333621531974	0.0019573760677077	
4_Transposome/Sorghum_halepense-JG_CO_215_E	0.000211751058809968	0.00502471575072382	0.0299359550378098	0.00142227363855568	0.000272522012754595	0.000367058989026679	2.4771738634793e-05	0.000563359440401855	4.56354119561171e-05	0.000176981782273986	0.000215693005592651	0.000408678329257967	0.00345055520363372	
4_Transposome/Sorghum_halepense-JG_CO_218_B	0.000303839402765805	0.00372221582160294	0.0204756029247779	0.00129879093806197	0.00028806771461717	0.000443232608984821	7.27925275961115e-05	0.000432902165252398	4.31368769163201e-05	0.000329008858240727	7.28994593841549e-05	0.000508448324465881	0.00336294949692858	
4_Transposome/Sorghum_halepense-JG_CO_218_C	0.000154588676295936	0.00198134485101894	0.00432645879387125	0.000583300242726862	0.000296286909915845	0.000348059434806973	2.69700347992618e-05	0.000396360198783124	4.05172616162804e-05	0.000179948254258008	5.19866341625961e-05	0.000385490885312253	0.00184562862860287	
4_Transposome/Sorghum_halepense-JG_CO_218_D	0.000276649938494154	0.00289383668351077	0.00488395152531548	0.00101347431352435	0.000348476179079265	0.000501137560578479	2.57099670902899e-05	0.000565662736885536	5.65920654100376e-05	0.000285077211177187	6.98581895905678e-05	0.000542709618461964	0.00223553659263989	
4_Transposome/Sorghum_halepense-JG_CO_218_G	0.00021024413081718	0.00210193469174644	0.00512060404368657	0.000633663140075037	0.000361093518568581	0.000404297505455818	3.02620839266129e-05	0.000453150942763245	3.68614328023038e-05	0.000206422301689102	6.40315682881285e-05	0.00040884303863273	0.00220784203855961	
4_Transposome/Sorghum_halepense-JG_CO_218_H	0.000222306797132187	0.00181996727931793	0.00544923372077216	0.000657406944921099	0.000324062647271683	0.000384824798587744	2.85790713925433e-05	0.000410159597116218	4.18976561030701e-05	0.000219392090368721	6.73105596451639e-05	0.000408586255204746	0.00203673191819001	
4_Transposome/Sorghum_halepense-JG_CO_220_C	0.000239573052515689	0.0019930338257233	0.00612725304758503	0.00069486210779675	0.000304442185032767	0.000402887854144553	2.73852488004955e-05	0.000457852474948876	5.21642324571544e-05	0.000251458659189036	6.52989675498458e-05	0.000406411581467354	0.00236128068693962	
4_Transposome/Sorghum_halepense-JG_CO_220_D	0.000177316879922109	0.00192870337704705	0.00506650619812001	0.000736671730271385	0.000288950362818647	0.00048627965701494	2.68365194796211e-05	0.000473668827960301	4.89079077098752e-05	0.000224109996407722	6.31792398420944e-05	0.000453897929469573	0.00235456884459066	
4_Transposome/Sorghum_halepense-JG_CO_220_E	0.000195346840622099	0.00252175839928311	0.00831976000449185	0.000729785780433163	0.000298297228827432	0.000320453725188053	2.97799756055538e-05	0.000513038295788032	4.17575192796482e-05	0.000195379590657344	5.93328013750471e-05	0.000396663742637653	0.00202162764497746	
4_Transposome/Sorghum_halepense-JG_CO_223_A	0.000205024594253781	0.00165722984459102	0.00422982538875816	0.000545433646473417	0.000219304021908925	0.000331526513643951	2.99859831252742e-05	0.000501506964362533	3.88410814199235e-05	0.000202783740198027	6.58459303355298e-05	0.000417503576307296	0.00199597491482683	
4_Transposome/Sorghum_halepense-JG_CO_223_C	0.000237283656991077	0.00224864542228941	0.00550734359962726	0.000899770053247506	0.000292722072512829	0.000407201943711668	2.51094668183608e-05	0.000558299744407019	4.71187848616346e-05	0.000280233128772755	4.81561827599556e-05	0.000415558559281207	0.00254748507750022	
4_Transposome/Sorghum_halepense-JG_CO_223_D	0.00022980252557066	0.00202437591837295	0.005909141966726	0.000671537992088628	0.000301796030375454	0.00032262881527778	3.03666342034106e-05	0.000508517003111146	5.05388486099146e-05	0.000285603174028898	6.66276565120191e-05	0.000376810426884458	0.00197591478790302	
4_Transposome/Sorghum_halepense-JG_CO_223_F	0.000240859422309825	0.00345672510349588	0.0138809744514332	0.000782283852042996	0.000263346775387607	0.000381946415419196	2.78496305856233e-05	0.000479254406977793	4.53518045730156e-05	0.00016463403251002	6.19343150193838e-05	0.000401100836831395	0.00234609460115247	
4_Transposome/Sorghum_halepense-JG_CO_224_A	0.000225158685909217	0.0027091733685575	0.0161412825256921	0.000748709940420127	0.000295531922488142	0.000311616467646115	3.01213841569633e-05	0.000439230313605179	4.8009329116664e-05	0.000226734368422509	5.51471176315123e-05	0.000373244513759541	0.00250928912412882	
4_Transposome/Sorghum_halepense-JG_CO_224_B	0.000196245048167964	0.0016367971969092	0.00493276037550645	0.000563069790976008	0.000259945355842397	0.000276392555203427	1.9985119909145e-05	0.00040181361746125	3.68036741295416e-05	0.000162743578789096	4.88454115952474e-05	0.000283228230156306	0.00221005299337541	
4_Transposome/Sorghum_halepense-JG_CO_224_C	0.00019713888734573	0.00183978584612889	0.0051460812334748	0.000638975904810417	0.0003004549444706	0.000326777663708497	2.5431481470514e-05	0.000388996299779368	5.16149277962202e-05	0.000222731399227503	5.75874482969951e-05	0.000451814739331147	0.00217184863814332	
4_Transposome/Sorghum_halepense-JG_CO_224_E	0.000169550746424382	0.00179364883015554	0.0046808470072182	0.000616556343414318	0.000221546895070539	0.000304877920664416	3.46295683151238e-05	0.000397777087719809	4.53674403301475e-05	0.000142404601968803	5.68069560423079e-05	0.000331043505158748	0.00194413829545403	
4_Transposome/Sorghum_halepense-JG_CO_224_F	0.000199286903120775	0.00214705159470986	0.00866659643964754	0.000663538221009295	0.000274562572764005	0.000321411002506497	3.13191702081009e-05	0.000403923479822898	4.73748947862309e-05	0.000163989759717142	4.9360160208169e-05	0.00032508830672432	0.00237900560398498	
4_Transposome/Sorghum_halepense-JG_CO_225_A	0.000166925451532281	0.0019258156434549	0.00727122478315158	0.000536067460224565	0.000259669197516013	0.00031516825452837	3.10889650115271e-05	0.000370478294770053	3.98348443077209e-05	0.000128723254046016	5.86392932933249e-05	0.000354961163513567	0.00200828695923189	
4_Transposome/Sorghum_halepense-JG_CO_225_C	0.000207700728295675	0.00298993584329442	0.00886669042861539	0.000680495222645537	0.000360976538877251	0.000505979853415006	2.98673079284622e-05	0.000530201561166762	4.97236658839384e-05	0.000178435860060903	7.93275534986058e-05	0.000452504197721126	0.00239273305896369	
4_Transposome/Sorghum_halepense-JG_CO_225_D	0.000219371704791857	0.00194826871366229	0.00650811580106995	0.0005974495227832	0.000322508813856353	0.000345989763337613	2.09396971976072e-05	0.00048899628939689	5.17018240767572e-05	0.00016205782196389	6.17380014878544e-05	0.000407760952927701	0.00211353805661607	
4_Transposome/Sorghum_halepense-JG_CO_225_E	0.000216123282202082	0.00255879102320668	0.00867620283876746	0.000619946289230552	0.000304767990839003	0.000287262216151507	2.41587768858815e-05	0.000344157680804545	5.29270613522133e-05	0.000154800957535931	6.55943715987598e-05	0.000373325155825147	0.00218269700892899	
4_Transposome/Sorghum_halepense-JG_CO_229_A	0.000215893725052078	0.00210153941020403	0.0101090528709907	0.000753793625436794	0.000275438029167794	0.000300841570093596	2.69389536929922e-05	0.000446969184213203	4.82057165754081e-05	0.000165678961171764	4.88567630859397e-05	0.000368845875326736	0.00231722946811693	
4_Transposome/Sorghum_halepense-JG_CO_229_C	0.000238647177973258	0.00434414170829756	0.0208167316072909	0.00103838543363673	0.000290632950304384	0.000449815897892546	2.92375944772853e-05	0.000447958543736426	4.45923300796974e-05	0.00013155203755034	5.55696054318331e-05	0.00045003327346798	0.00304034822441132	
4_Transposome/Sorghum_halepense-JG_CO_230_A	0.000227783607291755	0.00165819824615937	0.00426959445212396	0.000546410309624314	0.000286710484852534	0.000341127857086042	3.31247408561323e-05	0.000458660154432744	3.6780939899808e-05	0.000137648156506157	5.70847684691294e-05	0.000344790422788257	0.00203775003538635	
4_Transposome/Sorghum_halepense-JG_CO_230_C	0.000241547829290367	0.00408152586267578	0.0170874985328986	0.000687546078200112	0.000231399499274473	0.000365342006024761	2.58279079228322e-05	0.00035832368458782	5.71267414362649e-05	0.000137653304798217	5.56754483305044e-05	0.000356476848682619	0.00227179845608637	
4_Transposome/Sorghum_halepense-JG_CO_232_A	0.000180547811709141	0.00198402559481702	0.00509772143975443	0.000730552657321935	0.000313390958279073	0.00029672852374885	2.67550182084323e-05	0.000396951648814173	4.08147308536177e-05	0.000211073985518388	6.46850876790319e-05	0.000321660169737091	0.00219767900346012	
4_Transposome/Sorghum_halepense-JG_CO_232_C	0.000178177672407869	0.00144936711007305	0.00452910272340934	0.000555154043570097	0.000306480320800416	0.000282552688108612	2.81775823274297e-05	0.000439897461577675	4.36659846941042e-05	0.000150373544668444	6.40209804164519e-05	0.000328921144837136	0.00181011084261082	
4_Transposome/Sorghum_halepense-JG_CO_232_F	0.00019414759952359	0.00222674887523532	0.0121930646334573	0.000953390835724936	0.00029754098663441	0.000429890239760825	1.38847284266807e-05	0.000375457444369402	4.11533155059083e-05	0.000213409224680684	5.81815997473844e-05	0.000372335076314641	0.00226518461516548	
4_Transposome/Sorghum_halepense-JG_CO_235_A	0.000246887140741784	0.0040394004498778	0.0189722421764999	0.00103290611138027	0.000303092922205715	0.000327202899296135	2.96038791524494e-05	0.000469706897734988	4.26015915182595e-05	0.000179119767067293	5.54724239795615e-05	0.000423863457939864	0.00295282215296631	
4_Transposome/Sorghum_halepense-JG_CO_235_C	0.000300534547884504	0.00264575187840596	0.0100074087435592	0.000673932274123944	0.000220431672590115	0.000370019071800586	2.20496053315322e-05	0.000373825560083579	4.4493242461476e-05	0.000116872936945663	5.08805636476417e-05	0.000331714130215722	0.0015535081795995	
4_Transposome/Sorghum_halepense-JG_CO_235_D	0.000256786055146904	0.00261347547639348	0.0148169314145217	0.000788323528116951	0.00031562935230687	0.000375135289950408	2.64192399805984e-05	0.000413637810027952	4.14902772370913e-05	0.000112245519745389	5.76886404201655e-05	0.000395521427885357	0.00222165721646714	
4_Transposome/Sorghum_halepense-JG_CO_235_E	0.000222657978441744	0.00243716473044392	0.00930824940812127	0.000628115937187177	0.000200095523174993	0.000340688568392496	3.59638259051193e-05	0.00030801982950694	3.45280602379128e-05	0.000146463902384912	4.96093006268557e-05	0.000292190472135958	0.00195130277574075	
4_Transposome/Sorghum_halepense-JG_CO_239_A	0.000208549540675121	0.00244917161860178	0.00865919357653581	0.000460774350266783	0.000285530802453118	0.000290411455819661	2.54477558053699e-05	0.000383213189568022	4.78711149186105e-05	0.000179459418443128	6.07022183014671e-05	0.000282361556331872	0.00171528800314508	
4_Transposome/Sorghum_halepense-JG_CO_239_B	0.000177089909569617	0.00214721711693816	0.00415403768285901	0.000453849298812374	0.000253911574499011	0.000293338115413433	2.51148185060985e-05	0.000396937228239189	3.97250041818107e-05	0.000175795348360362	5.22448022526321e-05	0.000327311135273803	0.00197385669290781	
4_Transposome/Sorghum_halepense-JG_CO_239_C	0.000213313852941554	0.0016314208217383	0.00433679894287815	0.000717839776415702	0.000340845479661797	0.000351238477859595	2.10201601427769e-05	0.000486570679351038	3.97691067157256e-05	0.000140102109183006	8.39543790132607e-05	0.000373905584885823	0.00197454310577958	
4_Transposome/Sorghum_halepense-JG_CO_241_A	0.000171685483878897	0.00268342232465172	0.0101249091973432	0.00068959869188606	0.000264861001213868	0.000337344754378045	3.12928714233063e-05	0.000497888910957401	4.43723996135629e-05	0.000231810125191612	5.1852587077213e-05	0.00030519598347024	0.00196734226958684	
4_Transposome/Sorghum_halepense-JG_CO_241_B	0.00015287149336259	0.00319422200414826	0.0129704258822438	0.00068879081590655	0.000216027525428998	0.000247762387000482	2.65344200082647e-05	0.000449882966797319	3.81580680211404e-05	0.000133728787755118	5.7067394812432e-05	0.0003271253861247	0.00218657702501595	
4_Transposome/Sorghum_halepense-JG_CO_241_C	0.000194745408871362	0.00264263985304337	0.0115892079545983	0.000734299947052743	0.000309093777620122	0.000440847612794249	2.82462494829509e-05	0.00045017964702458	4.07431092982756e-05	0.00015384727576652	6.11267395781586e-05	0.000257440823584829	0.00212826883394017	
4_Transposome/Sorghum_halepense-JG_CO_241_E	0.000208695172706008	0.00273209766778582	0.0103062803027631	0.000524942171883667	0.000267550789038765	0.000317942654565566	2.07502146258907e-05	0.000464355374566629	4.12211979600171e-05	0.000184305995818377	4.70104050453777e-05	0.000372639812870358	0.00192614099386734	
4_Transposome/Sorghum_halepense-JG_CO_241_F	0.000169790791542433	0.00303407052846104	0.00976241741883046	0.00036027326691851	0.000273121025169666	0.00030626112196651	3.00783980344738e-05	0.000340986543911204	5.65739505688235e-05	0.000171630688633387	5.90058538665577e-05	0.00038491372550163	0.00205537479255644	
4_Transposome/Sorghum_halepense-JG_CO_242_A	0.00018669062860285	0.00292797167738337	0.0121596642537397	0.000635303135502757	0.000235349877007099	0.000323467597433346	2.60700179927209e-05	0.000312740400364436	6.79695834999206e-05	6.08778070603242e-05	5.79439191038821e-05	0.000314937238106989	0.00194354707533388	
4_Transposome/Sorghum_halepense-JG_CO_242_C	0.000157155657521817	0.00221158664103539	0.00479840572509132	0.000495295412296508	0.00023347010022912	0.00032959059950203	2.78222351206334e-05	0.000471314400320607	5.46921042812667e-05	0.000203512657343882	5.48061762133457e-05	0.000341013928884079	0.00161760462546193	
4_Transposome/Sorghum_halepense-JG_CO_242_D	0.000160052461530567	0.0024730251734708	0.0080727263262235	0.000754670091753524	0.000323599263948919	0.000339319516150266	2.12372151774908e-05	0.000396872091725762	3.76861832558954e-05	0.000144648667268609	4.98171040736066e-05	0.000334689572321099	0.00232307931690893	
4_Transposome/Sorghum_halepense-JG_CO_242_E	0.000158154128773322	0.00305142443059524	0.0136946981398385	0.000718473290206179	0.000249463784382569	0.00034352615560957	3.22111226911093e-05	0.000436245433805353	4.62241762188939e-05	0.000225409119489984	5.3136890664801e-05	0.000321739405048102	0.00235511761092503	
4_Transposome/Sorghum_halepense-JG_CO_243_A	0.000202191488882151	0.00257276388945012	0.0109417680315034	0.000588721459162357	0.000208434483611316	0.00036788480393747	2.5698233468495e-05	0.000334113742350788	3.73375523212814e-05	0.00019351647394299	4.68461975201877e-05	0.000329395135517595	0.00187153990204823	
4_Transposome/Sorghum_halepense-JG_CO_243_B	0.000217973668582582	0.00233559728403753	0.0100966343408396	0.000665652285775178	0.000256668254686334	0.000314264520211264	2.36164179908543e-05	0.000409691366911581	5.68003799848559e-05	0.000150937086519848	6.71102170574981e-05	0.000364801701626174	0.00201037023664668	
4_Transposome/Sorghum_halepense-JG_CO_243_C	0.000215868613460689	0.00361470242925949	0.0139575152940243	0.000786172666238949	0.000287956788723922	0.000288134794135068	2.46670133925013e-05	0.000355225634445189	3.3478133691534e-05	0.000112248831517787	4.93074928185751e-05	0.000284558647925644	0.00203919921746244	
4_Transposome/Sorghum_halepense-JG_CO_243_D	0.00018216729015329	0.00314631196275681	0.00900376555577106	0.0005897497799136	0.000262577257566203	0.000324884247152063	3.20081955268385e-05	0.000399343662412305	5.09832636758427e-05	0.000222487330034642	6.71651314078579e-05	0.000288628414723325	0.00218007462593984	
4_Transposome/Sorghum_halepense-JG_CO_243_E	0.000276695661321505	0.00234808935780624	0.0101483212153953	0.000624479340219377	0.000273582790127625	0.000333895643061441	2.47649418165282e-05	0.000283519548032685	4.77307996072269e-05	0.000208826666078545	5.98073713475776e-05	0.000315270426029088	0.00210782508489224	
4_Transposome/Sorghum_halepense-JG_CO_243_F	0.000194368755217606	0.00326717014640794	0.00985660315075458	0.000590655064532519	0.000279838648900209	0.00038872604629528	3.25217589062564e-05	0.000503234392944072	5.42590670606023e-05	0.000170506350244704	7.13728830933566e-05	0.000345607010238936	0.00225453103393432	
4_Transposome/Sorghum_halepense-JG_CO_244_A	0.000195368066663302	0.00210923577419027	0.0049284343715466	0.000814967566155783	0.000293899931331509	0.000417891980020003	2.4649425497518e-05	0.000457874194908629	3.65721204701075e-05	0.000195997458679432	5.61033688477583e-05	0.000418870042727891	0.00248851045390013	
4_Transposome/Sorghum_halepense-JG_CO_244_B	0.000142536090335864	0.00258167070639524	0.00975183059907268	0.000669946686377269	0.000215517886591125	0.000390708893574925	2.65427177401551e-05	0.000415733995192894	3.6273815100916e-05	0.000240939552508762	6.10329158057491e-05	0.000320200190023117	0.00214403428426412	
4_Transposome/Sorghum_halepense-JG_CO_244_C	0.000230566324626149	0.00172020254150339	0.00403542214984315	0.000564401474154223	0.000190596325382026	0.000287376235807758	2.10666985356007e-05	0.000392917948322428	3.87800072651517e-05	0.000226797013561352	4.47241818146078e-05	0.000261898247062326	0.0020832959604316	
4_Transposome/Sorghum_halepense-JG_CO_245_A	0.00016194453087202	0.00283851368130023	0.00982045896770573	0.000724499523918451	0.000283530163432064	0.000402332375716918	2.55829781290679e-05	0.000537038305374224	4.42471450598047e-05	0.000166443663104666	6.45319964458132e-05	0.000379716803111858	0.0020711598349844	
4_Transposome/Sorghum_halepense-JG_CO_245_B	0.000189448323031629	0.00424839818577906	0.0252613481017185	0.00064897484365615	0.000248896736216337	0.00044410906681265	2.53467894533677e-05	0.000478072805059262	3.89943458853766e-05	0.000158812064927772	5.72950608248046e-05	0.000439010091817811	0.00255173637682059	
4_Transposome/Sorghum_halepense-JG_CO_245_E	0.000212519226929204	0.00425814661548259	0.0178364049027934	0.000798988869070521	0.000391270162773003	0.000523120541373597	6.16357989679849e-05	0.000546394937698822	3.98268888767074e-05	0.000149405713585321	5.30605054647602e-05	0.000450209096176495	0.00302786673701283	
4_Transposome/Sorghum_halepense-JG_CO_246_A1	0.000224043592221683	0.00178379033965435	0.00652308608870472	0.000685800467222219	0.000324532100329696	0.000287185788855695	3.25698583075402e-05	0.000407493590404547	4.32848221476759e-05	0.000121205072334025	7.87507718437177e-05	0.000250781643917683	0.00195701325132214	
4_Transposome/Sorghum_halepense-JG_CO_246_B	0.000200161580085234	0.00471858569531479	0.0270836754261358	0.00093716869589636	0.000310502216656921	0.000328090336233916	2.98350292795622e-05	0.000395887815488858	3.86766274272543e-05	0.000182261881001472	4.90357190902292e-05	0.000537210441306446	0.003021232575647	
4_Transposome/Sorghum_halepense-JG_CO_246_C2	0.000227966525578413	0.00294493023479275	0.0187229065459863	0.000802082613818295	0.000295070961720843	0.000399372708021499	3.01215645036522e-05	0.000531404339605021	4.71245482962507e-05	0.000230703435353106	5.39183624303927e-05	0.000461856482214052	0.00265460152087135	
